0 1.3 13
10 2 33
20 1.9 52
30 1.9 71
40 1.7 88
50 1.7 105
60 1.4 119
70 3.1 150
80 2.4 174
90 1.2 186
100 1.8 204
110 1.8 222
120 1 232
130 1.6 248
140 1.2 260
150 1.3 273
160 2.4 297
170 1.8 315
180 2.6 341
190 1.4 355
200 1.8 373
210 1.8 391
220 2.7 418
230 1.4 432
240 1.2 444
250 2 464
260 2.2 486
270 3.1 517
280 2 537
290 2.6 563
300 2.1 584
310 1.9 603
320 2.4 627
330 1.7 644
340 1.7 661
350 1.9 680
360 0.7 687
370 2.3 710
380 2 730
390 1.7 747
400 2 767
410 2.9 796
420 1.5 811
430 2.1 832
440 2.1 853
450 2 873
460 2.4 897
470 2.7 924
480 2.1 945
490 2.4 969
500 1.6 985
510 1.9 1004
520 2.6 1030
530 1.4 1044
540 2.1 1065
550 2.3 1088
560 2.3 1111
570 0.9 1120
580 1.2 1132
590 2.2 1154
600 2.5 1179
610 1.7 1196
620 2.3 1219
630 2.6 1245
640 1.3 1258
650 3.3 1291
660 2.2 1313
670 1.8 1331
680 2.4 1355
690 2.8 1383
700 2 1403
710 1.4 1417
720 2.4 1441
730 2.9 1470
740 2.7 1497
750 2.2 1519
760 1.7 1536
770 2.2 1558
780 1.4 1572
790 1.6 1588
800 2.1 1609
810 2.2 1631
820 2.4 1655
830 1.8 1673
840 2.1 1694
850 2.2 1716
860 1.8 1734
870 2.8 1762
880 2.1 1783
890 1.6 1799
896 0.1 1800
