0 2 2
10 4 2
20 3 -1
30 4 1
40 4 0
50 2 -2
60 6 4
70 8 2
80 3 -5
90 2 -1
100 1 -1
110 3 2
120 1 -2
130 2 1
140 1 -1
150 2 1
160 6 4
170 3 -3
180 8 5
190 2 -6
200 4 2
210 4 0
220 5 1
230 2 -3
240 1 -1
250 2 1
260 4 2
270 5 1
280 7 2
290 1 -6
300 4 3
310 1 -3
320 3 2
330 3 0
340 3 0
350 1 -2
360 2 1
370 3 1
380 2 -1
390 3 1
400 5 2
410 1 -4
420 5 4
430 5 0
440 4 -1
450 3 -1
460 4 1
470 2 -2
480 2 0
490 3 1
500 2 -1
510 2 0
520 0 -2
530 4 4
540 4 0
550 4 0
560 1 -3
570 4 3
580 6 2
590 6 0
600 2 -4
610 2 0
620 4 2
630 2 -2
640 4 2
650 5 1
660 4 -1
670 5 1
680 6 1
690 2 -4
700 3 1
710 3 0
720 4 1
730 6 2
740 2 -4
750 2 0
760 6 4
770 2 -4
780 2 0
790 3 1
800 5 2
810 4 -1
820 1 -3
830 0 -1
840 5 5
850 4 -1
860 3 -1
870 4 1
880 6 2
890 1 -5
896 0 -1
