0 1.3 27.89846153846154 1.5357638347783222 30.259 25.587 0 0
10 2 28.111349999999995 1.6296965752863326 31.218 25.587 27.89846153846154 13
20 1.9 27.685263157894735 1.6894135962424874 31.218 25.587 28.027484848484846 33
30 1.9 27.7928947368421 1.7639836762204746 31.218 25.587 27.902442307692304 52
40 1.7 28.952294117647057 1.636271434576933 33.282 25.587 27.873126760563377 71
50 1.7 27.333529411764705 1.564498194973752 33.282 24.801 28.081602272727267 88
60 1.5 28.419999999999998 1.509491305042861 33.282 24.801 27.96048571428571 105
70 3 28.46616666666667 1.4463184315895143 33.282 24.801 28.017924999999998 120
80 2.4 27.68908333333333 1.9970209253758198 33.282 24.801 28.107573333333335 150
90 1.2 28.05158333333333 1.505919899282679 33.282 24.801 28.049850574712643 174
100 1.8 27.928833333333337 1.4937423639972187 33.282 24.801 28.049962365591394 186
110 1.8 29.178777777777782 1.5690643551547796 33.282 24.801 28.03927450980392 204
120 1 28.085999999999995 1.7694865356933347 33.282 24.801 28.131666666666664 222
130 1.6 27.976999999999997 1.5043351936985312 33.282 24.801 28.129698275862065 232
140 1.2 28.25741666666667 1.537332779976048 33.282 24.801 28.119846774193544 248
150 1.3 28.487307692307695 1.5897451360621104 33.282 24.801 28.12619615384615 260
160 2.4 28.257833333333338 1.678951847301033 33.282 24.801 28.143391941391936 273
170 1.8 28.193111111111108 1.9225960137529576 33.282 24.801 28.152639730639727 297
180 2.6 28.103230769230777 1.7745244066573131 33.282 24.801 28.15495238095238 315
190 1.4 27.998214285714287 2.0670175263121573 33.282 24.801 28.151008797653954 341
200 1.8 28.230166666666666 1.6285952450569858 33.282 24.801 28.144983098591545 355
210 1.8 27.974777777777785 1.7304139374906025 33.282 24.801 28.14909383378016 373
220 2.7 27.973962962962954 1.7559997359630581 33.282 24.801 28.14106905370844 391
230 1.4 28.193999999999996 1.5573559552743772 33.282 24.801 28.130275119617224 418
240 1.2 27.931749999999994 1.2880753164443963 33.282 24.801 28.13234027777778 432
250 2 27.983950000000004 1.8498629266786226 33.282 24.801 28.12691891891892 444
260 2.2 27.759045454545458 1.831677211471713 33.282 24.801 28.120756465517243 464
270 3.1 28.22170967741936 1.8822970900119993 34.177 24.801 28.104382716049386 486
280 2.1 27.906333333333333 1.6683679602514696 34.177 24.801 28.11141779497099 517
290 2.5 28.108599999999992 1.6835948206145097 34.177 24.801 28.103412639405207 538
300 2.1 28.28966666666666 1.36717304207775 34.177 24.801 28.10364298401421 563
310 1.9 28.220105263157894 1.29274823106422 34.177 24.801 28.110332191780824 584
320 2.4 28.329916666666662 1.524733089119389 34.177 24.801 28.11379104477612 603
330 1.7 28.521411764705878 2.2073454394981673 34.177 24.801 28.122063795853276 627
340 1.7 28.346941176470583 1.6538465136334255 34.177 24.801 28.13260559006212 644
350 1.9 28.426052631578948 2.0724147744189434 34.177 24.801 28.138118003025728 661
360 0.7 28.720285714285712 1.3906535682688121 34.177 24.801 28.14616323529413 680
370 2.3 28.351956521739133 1.6531560982152176 34.177 24.801 28.152013100436694 687
380 2 28.437450000000005 1.814638737462639 34.177 24.801 28.158490140845082 710
390 1.7 28.101588235294123 2.2672932309597065 35.107 24.801 28.166132876712343 730
400 2 27.691000000000003 1.9098279241858427 35.107 24.321 28.164663989290506 747
410 2.9 27.503103448275862 1.6579383821341576 35.107 24.321 28.15231290743156 767
420 1.5 29.0774 1.8999392902581569 35.107 24.321 28.12866080402011 796
430 2.1 28.006333333333334 1.4224066571879852 35.107 24.321 28.146208384710246 811
440 2.1 28.153999999999996 1.819086086603983 35.107 24.321 28.142677884615395 832
450 2 27.839199999999998 1.9391277059544068 35.107 24.321 28.142956623681137 853
460 2.4 27.044624999999993 1.8379838096063317 35.107 24.321 28.135997709049267 873
470 2.7 27.41729629629629 1.5975792524203805 35.107 24.321 28.106797101449285 897
480 2.1 26.52142857142857 1.7086952296284736 35.107 24.321 28.08664935064936 924
490 2.4 27.782291666666666 1.84156648624585 35.107 24.321 28.051866666666676 945
500 1.6 27.939749999999997 1.7436444054049567 35.107 24.321 28.04518988648092 969
510 1.9 27.54842105263158 1.364803757468044 35.107 24.321 28.043477157360417 985
520 2.6 27.245230769230773 1.6429011231938822 35.107 24.321 28.03410856573706 1004
530 1.4 26.427857142857142 1.1235703205879568 35.107 24.321 28.014195145631078 1030
540 2.1 27.254333333333328 1.4957633290423784 35.107 24.321 27.992922413793114 1044
550 2.3 28.062304347826085 2.551032364507299 36.099 24.321 27.978358685446022 1065
560 2.3 27.60117391304349 2.0058750156602283 36.099 24.321 27.980133272058836 1088
570 0.9 26.901888888888887 1.1032210863793794 36.099 24.321 27.972288028802893 1111
580 1.2 27.922666666666668 1.6800932183132642 36.099 24.321 27.96368660714287 1120
590 2.2 27.497272727272733 1.8057949189363107 36.099 24.321 27.963251766784463 1132
600 2.5 27.585320000000003 1.6307220663252209 36.099 24.321 27.954368284228778 1154
610 1.7 28.419058823529408 1.8322381835464718 36.099 24.321 27.946542832909252 1179
620 2.3 27.733217391304343 2.041565191465089 36.099 24.321 27.953259197324424 1196
630 2.6 27.612423076923076 1.792099438627498 36.099 24.321 27.94910746513537 1219
640 1.3 27.699999999999992 1.551957721470134 36.099 24.321 27.942076305220898 1245
650 3.3 26.91684848484848 1.367120067906789 36.099 24.321 27.939574721780616 1258
660 2.2 26.90695454545455 1.6332183363829593 36.099 24.321 27.913432223082893 1291
670 1.9 28.059105263157893 2.5268258827135774 36.099 24.321 27.89656816450877 1313
680 2.3 27.555956521739127 1.6701834181560875 36.099 24.321 27.89888663663665 1332
690 2.8 27.643392857142857 1.7260240301937053 36.099 24.321 27.893065682656836 1355
700 2 27.90425 1.7059099001705806 36.099 24.321 27.888010845986994 1383
710 1.4 27.414357142857146 1.4871180473434835 36.099 24.321 27.88824233784748 1403
720 2.4 28.159250000000004 1.6037009345573139 36.099 24.321 27.883560338743834 1417
730 2.9 27.59793103448276 1.4921268535107512 36.099 24.321 27.888151977793207 1441
740 2.7 27.974185185185192 1.8343931893446008 36.099 24.321 27.88242653061225 1470
750 2.2 27.770681818181824 1.6470640652761408 36.099 24.321 27.88408149632599 1497
760 1.7 28.276352941176466 1.7937640982410168 36.099 24.321 27.882439104674134 1519
770 2.2 28.0635 2.3210085924794925 36.099 24.321 27.886798828125006 1536
780 1.4 28.055785714285722 1.9174711090604823 36.099 24.321 27.889293966623878 1558
790 1.6 28.6425 1.6504789835075147 36.099 24.321 27.890776717557255 1572
800 2.1 28.817380952380955 1.942072051926828 36.099 24.321 27.89835075566751 1588
810 2.2 28.048636363636362 2.252138550264343 36.099 24.321 27.91034555624612 1609
820 2.4 28.483666666666668 2.7047648182831394 38.661 24.321 27.912210913549973 1631
830 1.8 29.802444444444443 2.8687232588387586 40.539 24.321 27.92049788519638 1655
840 2.1 27.48495238095238 1.5463576397823953 40.539 24.321 27.940745965331747 1673
850 2.2 28.873318181818185 1.3812559958360573 40.539 24.321 27.935095631641094 1694
860 1.8 28.15388888888889 1.8159037813744088 40.539 24.321 27.947124125874133 1716
870 2.8 28.04128571428572 1.6389916293942726 40.539 24.321 27.949270472895048 1734
880 2.1 28.434714285714282 1.4599264542094859 40.539 24.321 27.950732690124866 1762
890 1.6 28.326937500000007 1.8541552816832119 40.539 24.321 27.95643297812676 1783
896 0.1 26.521 0.0 40.539 24.321 27.95972818232352 1799
