0 0.1 7.191147470959105 0 7.191147470959105 7.191147470959105 0 0
10 0.1 7.827181208053691 0.0 7.827181208053691 7.191147470959105 7.191147470959105 1
20 0.1 11.28235195577519 0.0 11.28235195577519 7.191147470959105 7.509164339506398 2
30 0.1 10.896045386283998 0.0 11.28235195577519 7.191147470959105 8.76689354492933 3
40 0.1 12.215767634854771 0.0 12.215767634854771 7.191147470959105 9.299181505267995 4
50 0.1 11.833291987099976 0.0 12.215767634854771 7.191147470959105 9.88249873118535 5
60 0.1 14.637359018687743 0.0 14.637359018687743 7.191147470959105 10.207630940504455 6
70 0.1 14.43069306930693 0.0 14.637359018687743 7.191147470959105 10.840449237387782 7
80 0.1 26.224183877415058 0.0 26.224183877415058 7.191147470959105 11.289229716377674 8
90 0.1 13.512145748987855 0.0 26.224183877415058 7.191147470959105 12.948669067604051 9
100 0.1 8.869216636044763 0.0 26.224183877415058 7.191147470959105 13.00501673574243 10
110 0.1 8.468619246861925 0.0 26.224183877415058 7.191147470959105 12.629034908497188 11
120 0.1 8.46875523538281 0.0 26.224183877415058 7.191147470959105 12.282333603360916 12
130 0.1 8.97071129707113 0.0 26.224183877415058 7.191147470959105 11.988981421208754 13
140 0.1 11.249269798881748 0.0 26.224183877415058 7.191147470959105 11.773390698056065 14
150 0.1 10.281231744972045 0.0 26.224183877415058 7.191147470959105 11.73844930477778 15
160 0.1 6.784587277860821 0.0 26.224183877415058 6.784587277860821 11.64737320728992 16
170 0.1 6.200713870673197 0.0 26.224183877415058 6.200713870673197 11.361326976147032 17
180 0.1 4.557194034824627 0.0 26.224183877415058 4.557194034824627 11.074626248065151 18
190 0.1 2.8208980136871973 0.0 26.224183877415058 2.8208980136871973 10.73160349999986 19
200 0.1 3.7117357577779635 0.0 26.224183877415058 2.8208980136871973 10.336068225684226 20
210 0.1 1.2776617954070981 0.0 26.224183877415058 1.2776617954070981 10.020623822450595 21
220 0.1 0.5668083687588564 0.0 26.224183877415058 0.5668083687588564 9.62321645758498 22
230 0.1 0.7411725516322452 0.0 26.224183877415058 0.5668083687588564 9.229459584157757 23
240 0.1 0.7084514085680946 0.0 26.224183877415058 0.5668083687588564 8.875780957802528 24
250 0.1 0.24156601416076637 0.0 26.224183877415058 0.24156601416076637 8.54908777583315 25
260 0.1 0.9502375593898474 0.0 26.224183877415058 0.24156601416076637 8.22956770807652 26
270 0.1 0.3 0.0 26.224183877415058 0.24156601416076637 7.9599628877547906 27
280 0.1 3.052228875582169 0.0 26.224183877415058 0.24156601416076637 7.686392784620692 28
290 0.1 3.0782029950083194 0.0 26.224183877415058 0.24156601416076637 7.5265940291366045 29
300 0.1 0.4830917874396135 0.0 26.224183877415058 0.24156601416076637 7.378314327998995 30
310 0.1 0.2583333333333333 0.0 26.224183877415058 0.24156601416076637 7.155887794432563 31
320 0.1 0.29980013324450366 0.0 26.224183877415058 0.24156601416076637 6.940339217523212 32
330 0.1 0.6748312921769558 0.0 26.224183877415058 0.24156601416076637 6.7391107604238565 33
340 0.1 0.6497834055314895 0.0 26.224183877415058 0.24156601416076637 6.560749599593065 34
350 0.1 0.2583548629052421 0.0 26.224183877415058 0.24156601416076637 6.391864851191306 35
360 0.1 0.2498542516865162 0.0 26.224183877415058 0.24156601416076637 6.221489573738915 36
370 0.1 0.2748625687156422 0.0 26.224183877415058 0.24156601416076637 6.060094024494256 37
380 0.1 0.1917465610671113 0.0 26.224183877415058 0.1917465610671113 5.90785109144745 38
390 0.1 0.26657780739753417 0.0 26.224183877415058 0.1917465610671113 5.761284308617184 39
400 0.1 0.2664224460910832 0.0 26.224183877415058 0.1917465610671113 5.623916646086693 40
410 0.1 2.228875582168995 0.0 26.224183877415058 0.1917465610671113 5.493246055842897 41
420 0.1 0.30830764102991415 0.0 26.224183877415058 0.1917465610671113 5.415522949326852 42
430 0.1 0.2248688265178646 0.0 26.224183877415058 0.1917465610671113 5.296750500296691 43
440 0.1 0.25850567044696465 0.0 26.224183877415058 0.1917465610671113 5.181480462256263 44
450 0.1 0.3330835206928137 0.0 26.224183877415058 0.1917465610671113 5.072081022438279 45
460 0.1 0.5165375322835958 0.0 26.224183877415058 0.1917465610671113 4.969059337617725 46
470 0.1 0.22494376405898525 0.0 26.224183877415058 0.1917465610671113 4.874324831121253 47
480 0.1 0.21648626144879268 0.0 26.224183877415058 0.1917465610671113 4.777462725557457 48
490 0.1 0.19993335554815062 0.0 26.224183877415058 0.1917465610671113 4.684381573228708 49
500 0.1 0.19160279906697766 0.0 26.224183877415058 0.19160279906697766 4.594692608875097 50
510 0.1 0.14166666666666666 0.0 26.224183877415058 0.14166666666666666 4.508357514565134 51
520 0.1 0.15837292656497456 0.0 26.224183877415058 0.14166666666666666 4.424382690567087 52
530 0.1 0.2165583874729302 0.0 26.224183877415058 0.14166666666666666 4.343891940302896 53
540 0.1 0.23321672497084792 0.0 26.224183877415058 0.14166666666666666 4.267459837472712 54
550 0.1 0.32483758120939527 0.0 26.224183877415058 0.14166666666666666 4.194109962699951 55
560 0.1 0.1417139046348783 0.0 26.224183877415058 0.14166666666666666 4.125015813030477 56
570 0.1 0.28309741881765194 0.0 26.224183877415058 0.14166666666666666 4.0551333234095015 57
580 0.1 0.18331805682859761 0.0 26.224183877415058 0.14166666666666666 3.9900982216061935 58
590 0.1 0.12501041753479458 0.0 26.224183877415058 0.12501041753479458 3.9255765238980986 59
600 0.1 0.2498334443704197 0.0 26.224183877415058 0.12501041753479458 3.86223375545871 60
610 0.1 0.33341668750520964 0.0 26.224183877415058 0.12501041753479458 3.803014078227754 61
620 0.1 0.17498541788184319 0.0 26.224183877415058 0.12501041753479458 3.747052829990294 62
630 0.1 0.6998833527745375 0.0 26.224183877415058 0.12501041753479458 3.690353347258414 63
640 0.1 0.36660556573904346 0.0 26.224183877415058 0.12501041753479458 3.6436272535946035 64
650 0.1 0.4332972252312307 0.0 26.224183877415058 0.12501041753479458 3.5932115353199023 65
660 0.1 0.3332777870354941 0.0 26.224183877415058 0.12501041753479458 3.5453340457731044 66
670 0.1 0.34152436484798 0.0 26.224183877415058 0.12501041753479458 3.4973929075829906 67
680 0.1 0.25 0.0 26.224183877415058 0.12501041753479458 3.4509830760721814 68
690 0.1 0.2749083638787071 0.0 26.224183877415058 0.12501041753479458 3.4045920169986714 69
700 0.1 0.3332777870354941 0.0 26.224183877415058 0.12501041753479458 3.3598822505255286 70
710 0.1 0.2748854643898376 0.0 26.224183877415058 0.12501041753479458 3.317254018645387 71
720 0.1 0.27495417430428265 0.0 26.224183877415058 0.12501041753479458 3.274998899836282 72
730 0.1 0.4246107734576638 0.0 26.224183877415058 0.12501041753479458 3.2339023967468026 73
740 0.1 0.28323892035988 0.0 26.224183877415058 0.12501041753479458 3.1959389964320843 74
750 0.1 0.7829418624021321 0.0 26.224183877415058 0.12501041753479458 3.1571029954177883 75
760 0.1 0.48321253020078314 0.0 26.224183877415058 0.12501041753479458 3.1258640331412666 76
770 0.1 0.25822573927530196 0.0 26.224183877415058 0.12501041753479458 3.091543883752429 77
780 0.1 0.25002083506958916 0.0 26.224183877415058 0.12501041753479458 3.0552192921565684 78
790 0.1 0.28328611898017 0.0 26.224183877415058 0.12501041753479458 3.0197104509276196 79
800 0.1 0.26671111851975327 0.0 26.224183877415058 0.12501041753479458 2.985505146778276 80
810 0.1 0.22492502499166944 0.0 26.224183877415058 0.12501041753479458 2.9519397884047143 81
820 0.1 0.24995834027662056 0.0 26.224183877415058 0.12501041753479458 2.9186835108021163 82
830 0.1 0.26664444629614203 0.0 26.224183877415058 0.12501041753479458 2.8865301954945806 83
840 0.1 0.21654035146164738 0.0 26.224183877415058 0.12501041753479458 2.8553410794326943 84
850 0.1 0.2748625687156422 0.0 26.224183877415058 0.12501041753479458 2.824296364985976 85
860 0.1 0.21654035146164738 0.0 26.224183877415058 0.12501041753479458 2.7946517859595765 86
870 0.1 0.16665277893508876 0.0 26.224183877415058 0.12501041753479458 2.7650183211952326 87
880 0.1 0.17500000000000002 0.0 26.224183877415058 0.12501041753479458 2.7354914400331856 88
890 0.1 0.1748834110592938 0.0 26.224183877415058 0.12501041753479458 2.7067218732912397 89
896 0.1 0.28302672105219345 0.0 26.224183877415058 0.12501041753479458 2.6785903348219957 90
