0 0.6 6
10 0.8 14
20 1.1 25
30 0.8 33
40 0.9 42
50 1 52
60 0.5 57
70 1.6 73
80 1.2 85
90 0.6 91
100 1 101
110 0.9 110
120 0.5 115
130 0.7 122
140 0.7 129
150 0.6 135
160 0.9 144
170 1.1 155
180 1.1 166
190 0.9 175
200 0.9 184
210 0.8 192
220 1.3 205
230 0.9 214
240 0.7 221
250 0.9 230
260 0.9 239
270 1.7 256
280 1 266
290 1.3 279
300 0.9 288
310 1.2 300
320 1.1 311
330 0.9 320
340 0.8 328
350 1.1 339
360 0.3 342
370 1 352
380 1 362
390 1 372
400 0.8 380
410 1.7 397
420 0.5 402
430 1.1 413
440 1.1 424
450 1 434
460 1.2 446
470 1.3 459
480 1.2 471
490 1 481
500 1 491
510 1 501
520 1.3 514
530 0.5 519
540 1.1 530
550 1.1 541
560 1.3 554
570 0.4 558
580 0.4 562
590 1.2 574
600 1.4 588
610 0.8 596
620 1.1 607
630 1.3 620
640 0.5 625
650 1.8 643
660 1.1 654
670 0.9 663
680 1 673
690 1.6 689
700 1 699
710 0.8 707
720 1 717
730 1.3 730
740 1.6 746
750 1.1 757
760 0.9 766
770 1.2 778
780 0.6 784
790 0.8 792
800 0.9 801
810 1.1 812
820 1.3 825
830 1.1 836
840 0.9 845
850 1.1 856
860 0.9 865
870 1.2 877
880 1.1 888
890 1.1 899
896 0.1 900
