0 0.1 12242.125 0 12242.125 12242.125 0 0
10 0.1 12175.83984375 0.0 12242.125 12175.83984375 12242.125 1
20 0.1 12196.6640625 0.0 12242.125 12175.83984375 12208.982421875 2
30 0.1 12148.31640625 0.0 12242.125 12148.31640625 12204.876302083334 3
40 0.1 12191.55078125 0.0 12242.125 12148.31640625 12190.736328125 4
50 0.1 12186.66015625 0.0 12242.125 12148.31640625 12190.89921875 5
60 0.1 12128.6484375 0.0 12242.125 12128.6484375 12190.192708333334 6
70 0.1 12124.640625 0.0 12242.125 12124.640625 12181.400669642857 7
80 0.1 12122.4921875 0.0 12242.125 12122.4921875 12174.3056640625 8
90 0.1 12141.33984375 0.0 12242.125 12122.4921875 12168.548611111111 9
100 0.1 12157.9609375 0.0 12242.125 12122.4921875 12165.827734375 10
110 0.1 12160.16015625 0.0 12242.125 12122.4921875 12165.112571022728 11
120 0.1 12155.26171875 0.0 12242.125 12122.4921875 12164.699869791666 12
130 0.1 12162.44140625 0.0 12242.125 12122.4921875 12163.973858173076 13
140 0.1 12146.64453125 0.0 12242.125 12122.4921875 12163.86439732143 14
150 0.1 12144.44921875 0.0 12242.125 12122.4921875 12162.71640625 15
160 0.1 12573.4453125 0.0 12573.4453125 12122.4921875 12161.57470703125 16
170 0.1 12567.2265625 0.0 12573.4453125 12122.4921875 12185.802389705883 17
180 0.1 12494.82421875 0.0 12573.4453125 12122.4921875 12206.992621527777 18
190 0.1 12514.765625 0.0 12573.4453125 12122.4921875 12222.141652960527 19
200 0.1 12513.82421875 0.0 12573.4453125 12122.4921875 12236.7728515625 20
210 0.1 12525.4375 0.0 12573.4453125 12122.4921875 12249.965773809523 21
220 0.1 12525.7109375 0.0 12573.4453125 12122.4921875 12262.48721590909 22
230 0.1 12525.89453125 0.0 12573.4453125 12122.4921875 12273.931725543478 23
240 0.1 12529.0703125 0.0 12573.4453125 12122.4921875 12284.43017578125 24
250 0.1 12529.90234375 0.0 12573.4453125 12122.4921875 12294.21578125 25
260 0.1 12533.66796875 0.0 12573.4453125 12122.4921875 12303.280649038461 26
270 0.1 12533.13671875 0.0 12573.4453125 12122.4921875 12311.813512731482 27
280 0.1 12505.06640625 0.0 12573.4453125 12122.4921875 12319.71791294643 28
290 0.1 12543.58984375 0.0 12573.4453125 12122.4921875 12326.109240301725 29
300 0.1 12546.59375 0.0 12573.4453125 12122.4921875 12333.35859375 30
310 0.1 12544.91796875 0.0 12573.4453125 12122.4921875 12340.237147177419 31
320 0.1 12569.2734375 0.0 12573.4453125 12122.4921875 12346.633422851563 32
330 0.1 12532.9375 0.0 12573.4453125 12122.4921875 12353.380089962122 33
340 0.1 12583.66015625 0.0 12583.66015625 12122.4921875 12358.661190257353 34
350 0.1 12574.5546875 0.0 12583.66015625 12122.4921875 12365.089732142857 35
360 0.1 12599.4375 0.0 12599.4375 12122.4921875 12370.908203125 36
370 0.1 12599.453125 0.0 12599.453125 12122.4921875 12377.084670608108 37
380 0.1 12599.12109375 0.0 12599.453125 12122.4921875 12382.936472039473 38
390 0.1 12597.09765625 0.0 12599.453125 12122.4921875 12388.47966746795 39
400 0.1 12597.5703125 0.0 12599.453125 12122.4921875 12393.6951171875 40
410 0.1 12604.5234375 0.0 12604.5234375 12122.4921875 12398.667682926829 41
420 0.1 12607.40625 0.0 12607.40625 12122.4921875 12403.569010416666 42
430 0.1 12607.4375 0.0 12607.4375 12122.4921875 12408.30941133721 43
440 0.1 12607.40625 0.0 12607.4375 12122.4921875 12412.83504971591 44
450 0.1 12606.4375 0.0 12607.4375 12122.4921875 12417.158854166666 45
460 0.1 12605.4375 0.0 12607.4375 12122.4921875 12421.273607336956 46
470 0.1 12604.26953125 0.0 12607.4375 12122.4921875 12425.191988031915 47
480 0.1 12606.80859375 0.0 12607.4375 12122.4921875 12428.922770182291 48
490 0.1 12606.2421875 0.0 12607.4375 12122.4921875 12432.553093112245 49
500 0.1 12606.27734375 0.0 12607.4375 12122.4921875 12436.026875 50
510 0.1 12606.75 0.0 12607.4375 12122.4921875 12439.365119485294 51
520 0.1 12606.44921875 0.0 12607.4375 12122.4921875 12442.584059495191 52
530 0.1 12606.7265625 0.0 12607.4375 12122.4921875 12445.67585495283 53
540 0.1 12608.96484375 0.0 12608.96484375 12122.4921875 12448.658275462964 54
550 0.1 12609.921875 0.0 12609.921875 12122.4921875 12451.57294034091 55
560 0.1 12594.68359375 0.0 12609.921875 12122.4921875 12454.400599888393 56
570 0.1 12596.16796875 0.0 12609.921875 12122.4921875 12456.861705043859 57
580 0.1 12588.04296875 0.0 12609.921875 12122.4921875 12459.263537176725 58
590 0.1 12578.27734375 0.0 12609.921875 12122.4921875 12461.44623940678 59
600 0.1 12567.04296875 0.0 12609.921875 12122.4921875 12463.393424479167 60
610 0.1 12567.5546875 0.0 12609.921875 12122.4921875 12465.092597336066 61
620 0.1 12568.51953125 0.0 12609.921875 12122.4921875 12466.74521169355 62
630 0.1 12535.125 0.0 12609.921875 12122.4921875 12468.360677083334 63
640 0.1 12565.1328125 0.0 12609.921875 12122.4921875 12469.403869628906 64
650 0.1 12562.94921875 0.0 12609.921875 12122.4921875 12470.876622596154 65
660 0.1 12566.96484375 0.0 12609.921875 12122.4921875 12472.271661931818 66
670 0.1 12566.7578125 0.0 12609.921875 12122.4921875 12473.684993003732 67
680 0.1 12567.953125 0.0 12609.921875 12122.4921875 12475.0537109375 68
690 0.1 12568.00390625 0.0 12609.921875 12122.4921875 12476.400079257246 69
700 0.1 12567.47265625 0.0 12609.921875 12122.4921875 12477.708705357143 70
710 0.1 12567.19921875 0.0 12609.921875 12122.4921875 12478.972986355633 71
720 0.1 12567.484375 0.0 12609.921875 12122.4921875 12480.198350694445 72
730 0.1 12568.26171875 0.0 12609.921875 12122.4921875 12481.394049657534 73
740 0.1 12568.96484375 0.0 12609.921875 12122.4921875 12482.567937077703 74
750 0.1 12571.89453125 0.0 12609.921875 12122.4921875 12483.719895833334 75
760 0.1 12566.77734375 0.0 12609.921875 12122.4921875 12484.880088404605 76
770 0.1 12566.8203125 0.0 12609.921875 12122.4921875 12485.943689123376 77
780 0.1 12566.79296875 0.0 12609.921875 12122.4921875 12486.980568910256 78
790 0.1 12567.1484375 0.0 12609.921875 12122.4921875 12487.99085245253 79
800 0.1 12566.95703125 0.0 12609.921875 12122.4921875 12488.980322265623 80
810 0.1 12567.44921875 0.0 12609.921875 12122.4921875 12489.942997685182 81
820 0.1 12567.41015625 0.0 12609.921875 12122.4921875 12490.888195503047 82
830 0.1 12567.2421875 0.0 12609.921875 12122.4921875 12491.810146837346 83
840 0.1 12568.41796875 0.0 12609.921875 12122.4921875 12492.708147321426 84
850 0.1 12571.453125 0.0 12609.921875 12122.4921875 12493.598851102939 85
860 0.1 12559.7109375 0.0 12609.921875 12122.4921875 12494.504133357555 86
870 0.1 12559.78125 0.0 12609.921875 12122.4921875 12495.253636853446 87
880 0.1 12559.7109375 0.0 12609.921875 12122.4921875 12495.986905184656 88
890 0.1 12559.7109375 0.0 12609.921875 12122.4921875 12496.70290554775 89
896 0.1 12560.44140625 0.0 12609.921875 12122.4921875 12497.402994791664 90
