0 0.1 0.66015625 0 0.66015625 0.66015625 0 0
10 0.1 0.7109375 0.0 0.7109375 0.66015625 0.66015625 1
20 0.1 0.98046875 0.0 0.98046875 0.66015625 0.685546875 2
30 0.1 0.91015625 0.0 0.98046875 0.66015625 0.7838541666666666 3
40 0.1 1.0 0.0 1.0 0.66015625 0.8154296875 4
50 0.1 0.98828125 0.0 1.0 0.66015625 0.85234375 5
60 0.1 1.05859375 0.0 1.05859375 0.66015625 0.875 6
70 0.1 0.98046875 0.0 1.05859375 0.66015625 0.9012276785714286 7
80 0.1 0.98046875 0.0 1.05859375 0.66015625 0.9111328125 8
90 0.1 0.828125 0.0 1.05859375 0.66015625 0.9188368055555556 9
100 0.1 0.69921875 0.0 1.05859375 0.66015625 0.909765625 10
110 0.1 0.6015625 0.0 1.05859375 0.6015625 0.890625 11
120 0.1 0.5 0.0 1.05859375 0.5 0.8665364583333334 12
130 0.1 0.51171875 0.0 1.05859375 0.5 0.8383413461538461 13
140 0.1 0.51171875 0.0 1.05859375 0.5 0.8150111607142857 14
150 0.1 0.4296875 0.0 1.05859375 0.4296875 0.7947916666666667 15
160 0.1 0.359375 0.0 1.05859375 0.359375 0.77197265625 16
170 0.1 0.37890625 0.0 1.05859375 0.359375 0.7477022058823529 17
180 0.1 0.3203125 0.0 1.05859375 0.3203125 0.7272135416666666 18
190 0.1 0.26953125 0.0 1.05859375 0.26953125 0.705797697368421 19
200 0.1 0.44921875 0.0 1.05859375 0.26953125 0.683984375 20
210 0.1 0.37890625 0.0 1.05859375 0.26953125 0.6728050595238095 21
220 0.1 0.3203125 0.0 1.05859375 0.26953125 0.6594460227272727 22
230 0.1 0.26953125 0.0 1.05859375 0.26953125 0.6447010869565217 23
240 0.1 0.23046875 0.0 1.05859375 0.23046875 0.6290690104166666 24
250 0.1 0.19140625 0.0 1.05859375 0.19140625 0.613125 25
260 0.1 0.16015625 0.0 1.05859375 0.16015625 0.5969050480769231 26
270 0.1 0.140625 0.0 1.05859375 0.140625 0.5807291666666667 27
280 0.1 0.12109375 0.0 1.05859375 0.12109375 0.5650111607142858 28
290 0.1 0.171875 0.0 1.05859375 0.12109375 0.5497036637931035 29
300 0.1 0.1484375 0.0 1.05859375 0.12109375 0.537109375 30
310 0.1 0.12109375 0.0 1.05859375 0.12109375 0.5245715725806451 31
320 0.1 0.1015625 0.0 1.05859375 0.1015625 0.511962890625 32
330 0.1 0.08984375 0.0 1.05859375 0.08984375 0.49952651515151514 33
340 0.1 0.0703125 0.0 1.05859375 0.0703125 0.48747702205882354 34
350 0.1 0.05859375 0.0 1.05859375 0.05859375 0.47555803571428573 35
360 0.1 0.05078125 0.0 1.05859375 0.05078125 0.4639756944444444 36
370 0.1 0.12109375 0.0 1.05859375 0.05078125 0.45280827702702703 37
380 0.1 0.1015625 0.0 1.05859375 0.05078125 0.4440789473684211 38
390 0.1 0.078125 0.0 1.05859375 0.05078125 0.43529647435897434 39
400 0.1 0.0703125 0.0 1.05859375 0.05078125 0.4263671875 40
410 0.1 0.21875 0.0 1.05859375 0.05078125 0.4176829268292683 41
420 0.1 0.1796875 0.0 1.05859375 0.05078125 0.41294642857142855 42
430 0.1 0.16015625 0.0 1.05859375 0.05078125 0.4075218023255814 43
440 0.1 0.12890625 0.0 1.05859375 0.05078125 0.40189985795454547 44
450 0.1 0.1796875 0.0 1.05859375 0.05078125 0.3958333333333333 45
460 0.1 0.16015625 0.0 1.05859375 0.05078125 0.39113451086956524 46
470 0.1 0.12890625 0.0 1.05859375 0.05078125 0.38622007978723405 47
480 0.1 0.109375 0.0 1.05859375 0.05078125 0.380859375 48
490 0.1 0.08984375 0.0 1.05859375 0.05078125 0.3753188775510204 49
500 0.1 0.078125 0.0 1.05859375 0.05078125 0.369609375 50
510 0.1 0.0703125 0.0 1.05859375 0.05078125 0.3638939950980392 51
520 0.1 0.05859375 0.0 1.05859375 0.05078125 0.35824819711538464 52
530 0.1 0.05078125 0.0 1.05859375 0.05078125 0.35259433962264153 53
540 0.1 0.0390625 0.0 1.05859375 0.0390625 0.3470052083333333 54
550 0.1 0.03125 0.0 1.05859375 0.03125 0.34140625 55
560 0.1 0.03125 0.0 1.05859375 0.03125 0.3358677455357143 56
570 0.1 0.01953125 0.0 1.05859375 0.01953125 0.3305235745614035 57
580 0.1 0.1015625 0.0 1.05859375 0.01953125 0.3251616379310345 58
590 0.1 0.078125 0.0 1.05859375 0.01953125 0.3213718220338983 59
600 0.1 0.0703125 0.0 1.05859375 0.01953125 0.31731770833333334 60
610 0.1 0.12890625 0.0 1.05859375 0.01953125 0.31326844262295084 61
620 0.1 0.109375 0.0 1.05859375 0.01953125 0.31029485887096775 62
630 0.1 0.1796875 0.0 1.05859375 0.01953125 0.30710565476190477 63
640 0.1 0.1484375 0.0 1.05859375 0.01953125 0.30511474609375 64
650 0.1 0.12109375 0.0 1.05859375 0.01953125 0.3027043269230769 65
660 0.1 0.1015625 0.0 1.05859375 0.01953125 0.2999526515151515 66
670 0.1 0.08984375 0.0 1.05859375 0.01953125 0.2969916044776119 67
680 0.1 0.0703125 0.0 1.05859375 0.01953125 0.2939453125 68
690 0.1 0.05859375 0.0 1.05859375 0.01953125 0.29070425724637683 69
700 0.1 0.05078125 0.0 1.05859375 0.01953125 0.28738839285714285 70
710 0.1 0.0390625 0.0 1.05859375 0.01953125 0.28405589788732394 71
720 0.1 0.0390625 0.0 1.05859375 0.01953125 0.2806532118055556 72
730 0.1 0.03125 0.0 1.05859375 0.01953125 0.27734375 73
740 0.1 0.109375 0.0 1.05859375 0.01953125 0.27401815878378377 74
750 0.1 0.08984375 0.0 1.05859375 0.01953125 0.2718229166666667 75
760 0.1 0.078125 0.0 1.05859375 0.01953125 0.2694284539473685 76
770 0.1 0.05859375 0.0 1.05859375 0.01953125 0.26694399350649356 77
780 0.1 0.05078125 0.0 1.05859375 0.01953125 0.26427283653846156 78
790 0.1 0.0390625 0.0 1.05859375 0.01953125 0.2615704113924051 79
800 0.1 0.0390625 0.0 1.05859375 0.01953125 0.25878906250000006 80
810 0.1 0.03125 0.0 1.05859375 0.01953125 0.25607638888888895 81
820 0.1 0.03125 0.0 1.05859375 0.01953125 0.2533346036585366 82
830 0.1 0.1015625 0.0 1.05859375 0.01953125 0.2506588855421687 83
840 0.1 0.08984375 0.0 1.05859375 0.01953125 0.2488839285714286 84
850 0.1 0.0703125 0.0 1.05859375 0.01953125 0.24701286764705888 85
860 0.1 0.05859375 0.0 1.05859375 0.01953125 0.24495821220930236 86
870 0.1 0.05078125 0.0 1.05859375 0.01953125 0.24281609195402304 87
880 0.1 0.0390625 0.0 1.05859375 0.01953125 0.24063387784090914 88
890 0.1 0.0390625 0.0 1.05859375 0.01953125 0.23836903089887646 89
896 0.1 0.03125 0.0 1.05859375 0.01953125 0.23615451388888892 90
