0 1.3 63.43130769230768 8.831111275873718 78.471 52.111 0 0
10 2 64.6013 11.1278074844059 89.238 52.111 63.43130769230768 13
20 1.9 64.38768421052634 8.552267622053487 89.238 52.111 64.14039393939393 33
30 1.9 63.79573684210527 9.061613437387551 89.238 51.707 64.23075 52
40 1.7 66.77694117647059 7.94858994132691 89.238 51.707 64.11433802816902 71
50 1.7 63.410411764705884 8.380331195608974 89.238 51.455 64.62870454545455 88
60 1.4 63.14514285714285 8.326929419120859 89.238 50.954 64.43145714285716 105
70 3.1 65.22661290322581 9.158687089588486 89.238 50.954 64.28012605042018 119
80 2.4 65.74883333333334 6.670615261894681 89.238 50.954 64.47573333333334 150
90 1.2 63.94683333333332 9.468715601330988 89.238 50.954 64.65133333333334 174
100 1.8 65.706 10.031586054945539 89.238 50.954 64.60588172043012 186
110 1.8 66.26455555555556 7.995896192021268 89.238 50.954 64.70295098039216 204
120 1 65.8747 8.129903013566645 89.238 50.954 64.82956756756757 222
130 1.6 63.43968749999999 8.626883306840526 89.238 50.954 64.87461637931034 232
140 1.2 64.80975 7.725263869549483 89.238 50.954 64.78204032258064 248
150 1.3 65.72830769230767 6.869977173678519 89.238 50.954 64.78331923076924 260
160 2.4 62.680416666666666 8.14684621963548 89.238 50.954 64.82831868131869 273
170 1.8 66.34499999999998 9.606117622524604 89.238 50.954 64.65475084175085 297
180 2.6 62.8155 8.696553160039016 89.238 50.954 64.75133650793651 315
190 1.4 66.77614285714289 7.904630169871897 89.238 50.954 64.60373607038125 341
200 1.8 64.56544444444444 8.653671059294382 89.238 50.954 64.68940845070424 355
210 1.8 63.03350000000002 8.285283460918993 89.238 50.954 64.68342627345847 373
220 2.7 64.13292592592595 8.77700533560164 89.238 50.954 64.60747058823532 391
230 1.4 66.9332142857143 8.53456408777668 89.238 50.954 64.5768181818182 418
240 1.2 65.399 8.92803837170667 89.238 50.954 64.65318287037039 432
250 2 63.16700000000001 8.490174574176903 89.238 50.954 64.67334009009011 444
260 2.2 62.351181818181836 8.652320932119698 89.238 50.954 64.60841163793106 464
270 3.1 64.9911935483871 8.626785591398361 89.238 50.954 64.50623251028809 486
280 2 63.49050000000002 8.381839866640265 89.238 50.954 64.53531141199228 517
290 2.6 66.21053846153846 9.716390498814043 89.238 50.954 64.4963985102421 537
300 2.1 64.44142857142857 9.633708639442023 89.238 50.954 64.57555950266432 563
310 1.9 67.09363157894741 8.328086727963179 89.238 50.954 64.57073630136988 584
320 2.4 64.70370833333335 7.296737669894942 89.238 50.954 64.6502305140962 603
330 1.7 66.314 10.24232837154659 89.238 50.954 64.65227751196174 627
340 1.7 64.6330588235294 8.499753750554728 89.238 50.954 64.69614285714287 644
350 1.9 66.50863157894737 7.780940744168787 89.238 50.954 64.69452042360064 661
360 0.7 64.73042857142856 9.766053755698032 89.238 50.954 64.74520882352944 680
370 2.3 64.21547826086957 9.272914418603506 89.238 50.954 64.74505822416306 687
380 2 65.62355000000001 8.94537242083861 89.238 50.954 64.72790281690145 710
390 1.7 64.25882352941176 9.695221668644418 89.238 50.954 64.75244109589045 730
400 2 63.64060000000003 10.046315515650502 89.238 50.392 64.74120749665332 747
410 2.9 65.51858620689654 8.183028680170896 89.238 49.673 64.71250847457631 767
420 1.5 62.676733333333324 8.050987222833125 89.238 49.673 64.74187562814073 796
430 2.1 64.55614285714286 9.680103606714894 89.238 49.673 64.70367940813813 811
440 2.1 66.34371428571428 8.781378230816221 89.238 49.673 64.69995552884619 832
450 2 64.05035000000001 10.065141972545646 89.238 49.673 64.7404232121923 853
460 2.4 62.416125000000015 8.48542734296325 89.238 49.673 64.72461397479957 873
470 2.7 63.30366666666667 9.512375366390414 89.238 49.673 64.66284838350059 897
480 2.1 63.038857142857125 8.314417496910117 89.238 49.673 64.62313203463206 924
490 2.4 62.39916666666665 8.834628423928699 89.238 49.673 64.58792592592596 945
500 1.6 66.0905625 8.563700295204972 89.238 49.673 64.53371517027867 969
510 1.9 63.27578947368421 8.71101129894891 89.238 49.673 64.55900406091374 985
520 2.6 63.71303846153843 8.13586707345826 89.238 49.673 64.53472011952194 1004
530 1.4 59.186142857142855 8.027383249648336 89.238 49.673 64.51397864077673 1030
540 2.1 62.905952380952385 8.041685309484576 89.238 49.673 64.44253256704984 1044
550 2.3 63.893086956521735 8.333170031569455 89.238 49.673 64.41223380281693 1065
560 2.3 64.4927391304348 9.040236964080622 89.238 49.673 64.40125919117649 1088
570 0.9 60.82022222222221 8.69288123540403 89.238 49.673 64.40315301530156 1111
580 1.2 61.09633333333334 6.549947014204686 89.238 49.673 64.37436160714289 1120
590 2.2 63.85772727272727 9.399075999953 89.238 49.673 64.33961219081276 1132
600 2.5 64.32539999999999 8.159000301507533 89.238 49.673 64.33042547660314 1154
610 1.7 65.19823529411765 8.775629117916557 89.238 49.673 64.33031891433419 1179
620 2.3 63.06808695652173 7.3621308878496485 89.238 49.673 64.34265551839465 1196
630 2.6 63.588423076923064 9.105423811253619 89.238 49.673 64.3186070549631 1219
640 1.3 61.47653846153847 8.70447349722574 89.238 49.673 64.30335823293174 1245
650 3.3 63.0430606060606 7.486489195956633 89.238 49.673 64.27414626391099 1258
660 2.2 61.76913636363638 8.038889228423258 89.238 49.673 64.24267776917121 1291
670 1.8 63.085444444444455 9.484117900892242 89.238 49.673 64.20123229246005 1313
680 2.4 62.894500000000015 8.76195749628282 89.238 49.673 64.1861427498122 1331
690 2.8 65.37367857142858 8.59945250771222 89.238 49.673 64.16326494464948 1355
700 2 63.714650000000006 8.078949809690615 89.238 49.673 64.18777078814176 1383
710 1.4 63.861428571428576 8.042901259711535 89.238 49.673 64.18102637205992 1403
720 2.4 63.33624999999998 7.472000146379821 89.238 49.673 64.17786873676786 1417
730 2.9 62.559517241379304 7.279966524272646 89.238 49.673 64.16385149201948 1441
740 2.7 65.7861111111111 9.423746708432446 89.238 49.673 64.13220136054426 1470
750 2.2 63.637499999999996 7.66681263480938 89.238 49.673 64.16203139612563 1497
760 1.7 64.10294117647061 7.380511121074508 89.238 49.673 64.15443449637924 1519
770 2.2 65.52777272727275 9.270732323391906 89.238 49.673 64.15386458333337 1536
780 1.4 62.83442857142858 8.031084188632187 89.238 49.673 64.17326508344036 1558
790 1.6 65.506125 8.72491246284884 89.238 49.673 64.16134160305349 1572
800 2.1 65.106 9.884447157987521 89.238 49.673 64.17489105793456 1588
810 2.2 64.82631818181817 7.5910758812650485 89.238 49.673 64.18704350528283 1609
820 2.4 65.37420833333333 8.323340219823443 89.238 49.673 64.19566646229312 1631
830 1.8 69.7502222222222 8.68442176515292 89.238 49.673 64.21275709969792 1655
840 2.1 61.123619047619044 6.948570681913076 89.238 49.673 64.27233532576214 1673
850 2.2 66.01104545454547 6.810381470274711 89.238 49.673 64.2333016528926 1694
860 1.8 63.889777777777766 8.170552487477043 89.238 49.673 64.25609324009329 1716
870 2.8 63.63335714285715 8.791301537860695 89.238 49.673 64.2522906574395 1734
880 2.1 65.65557142857143 8.32142578540726 89.238 49.673 64.24245516458575 1762
890 1.6 67.89056250000002 7.099383185960156 89.238 49.673 64.25909871003931 1783
896 0.1 69.404 0.0 89.238 49.673 64.2913963312952 1799
