0 0.6 2180.2413333333334 2192.3542924608596 6803.982 314.843 0 0
10 0.8 5280.12175 3215.106049192653 11474.519 261.243 2180.2413333333334 6
20 1.1 4938.601454545454 6045.568509725906 21875.974 261.243 3951.601571428572 14
30 0.8 5056.301875 5034.966801289494 21875.974 261.243 4385.88152 25
40 0.9 3940.474 3006.671057480534 21875.974 261.243 4548.407666666667 33
50 1 3430.6447000000007 3732.521749594101 21875.974 261.243 4418.136166666667 42
60 0.5 5347.093 6730.101344137219 21875.974 261.243 4228.233961538462 52
70 1.6 4543.357187500001 3681.3176815814068 21875.974 207.774 4326.37949122807 57
80 1.2 4624.5315 2669.316161713099 21875.974 207.774 4373.936246575343 73
90 0.6 3695.325500000001 2756.776247419182 21875.974 207.774 4409.3144 85
100 1 6245.064899999999 5061.244749639489 21875.974 207.774 4362.238208791209 91
110 0.9 4707.798666666667 3643.173190007854 21875.974 207.774 4548.656693069307 101
120 0.5 2945.102 4086.624976296748 21875.974 207.774 4561.6774000000005 110
130 0.7 5537.688571428572 4170.957488024503 21875.974 207.774 4491.391513043479 115
140 0.7 4605.194 5011.692349382249 21875.974 207.774 4551.424950819673 122
150 0.6 6737.643999999999 5271.417208217602 21875.974 207.774 4554.342651162791 129
160 0.9 5102.371999999999 3992.888305552984 21875.974 207.774 4651.378266666667 135
170 1.1 5571.272363636363 3196.0339388248412 21875.974 207.774 4679.565375 144
180 1.1 5980.661727272727 4655.113990633626 21875.974 207.774 4742.847806451612 155
190 0.9 5235.825333333334 2685.568210930292 21875.974 207.774 4824.8716204819275 166
200 0.9 8836.154444444444 6711.838745074823 21875.974 207.774 4846.006382857143 175
210 0.8 3851.7983749999994 2908.525357766369 21875.974 207.774 5041.176668478261 184
220 1.3 6000.050692307691 4370.194548274735 21875.974 207.774 4991.619239583333 192
230 0.9 4742.974111111111 2372.2142213419484 21875.974 207.774 5055.568551219512 205
240 0.7 6736.4211428571425 6011.486658180425 21875.974 132.89 5042.422056074766 214
250 0.9 4106.970666666666 2872.3087482179053 21875.974 132.89 5096.078135746607 221
260 0.9 3284.9064444444443 4627.341489834623 21875.974 132.89 5057.373930434784 230
270 1.7 7233.521529411768 6092.5361357503 21875.974 132.89 4990.6282928870305 239
280 1 5050.698900000001 3227.742617030127 21875.974 132.89 5139.570421875002 256
290 1.3 4292.773307692309 3263.046048576141 21875.974 132.89 5136.229387218047 266
300 0.9 7930.2612222222215 5012.134965296964 21875.974 132.89 5096.9285663082455 279
310 1.2 5719.32025 3694.8687252638874 21875.974 132.89 5185.4702118055575 288
320 1.1 4319.9823636363635 3595.390344951341 21875.974 132.89 5206.824213333335 300
330 0.9 6298.582222222223 2970.2403086236336 21875.974 132.89 5175.456816720259 311
340 0.8 3473.0317499999996 3186.740544067039 21875.974 132.89 5207.044718750001 320
350 1.1 4597.510181818182 3862.3902797009664 21875.974 132.89 5164.751719512196 328
360 0.3 4840.6393333333335 2096.6770452778105 21875.974 132.89 5146.345651917405 339
370 1 3579.1763 2957.4502127987225 21875.974 132.89 5143.6640175438615 342
380 1 5541.347100000001 4413.98579938589 21875.974 132.89 5099.2183437500025 352
390 1 5980.9229 8459.733621146606 28632.047 132.89 5111.4318453038695 362
400 0.8 10000.7645 7852.532281442417 28632.047 132.89 5134.80526075269 372
410 1.7 6075.3467647058815 3348.577446921665 28632.047 132.89 5237.246507894738 380
420 0.5 2479.2224000000006 1258.599639630268 28632.047 132.89 5273.1349319899255 397
430 1.1 8031.458454545455 7367.2547835456735 28632.047 132.89 5238.384776119405 402
440 1.1 5538.055363636364 4398.206393088588 28632.047 132.89 5312.776569007266 413
450 1 3555.79 3304.3913488761586 28632.047 132.89 5318.621066037738 424
460 1.2 3865.7674166666675 2925.638029167099 28632.047 132.89 5278.002838709679 434
470 1.3 2366.228 1356.9245920657945 28632.047 132.89 5240.005473094172 446
480 1.2 8136.300333333335 9855.130720027651 34469.208 132.89 5158.613082788673 459
490 1 2729.4434 1718.587048395582 34469.208 132.89 5234.477726114651 471
500 1 7110.7083 5548.85563176805 34469.208 132.89 5182.398010395012 481
510 1 4609.630000000001 5645.845406411267 34469.208 132.89 5221.671132382893 491
520 1.3 5383.6038461538465 5721.516623166043 34469.208 132.89 5209.45474251497 501
530 0.5 5402.145599999999 4592.799188279784 34469.208 132.89 5213.859291828795 514
540 1.1 5003.313636363636 3794.2320516837676 34469.208 132.89 5215.6732254335275 519
550 1.1 4457.821090909091 3357.4797981598817 34469.208 132.89 5211.265762264153 530
560 1.3 4927.819153846153 4370.750530723173 34469.208 132.89 5195.9461848428855 541
570 0.4 10573.717 6799.087616564484 34469.208 132.89 5189.654395306861 554
580 0.4 3692.36925 1973.8298935435616 34469.208 132.89 5228.249826164876 558
590 1.2 4896.462666666667 3787.137382248197 34469.208 132.89 5217.318291814948 562
600 1.4 3709.3070714285714 3065.5278315290284 34469.208 132.89 5210.6105087108035 574
610 0.8 2763.891875 1933.360940763612 34469.208 132.89 5174.865188775513 588
620 1.1 5139.35209090909 3712.6365210166273 34469.208 132.89 5142.503130872486 596
630 1.3 5799.912153846154 3981.8524478610716 34469.208 132.89 5142.446028006592 607
640 0.5 6376.6410000000005 4073.9969334804855 34469.208 132.89 5156.231608064519 620
650 1.8 6147.8895555555555 5804.26294618067 34469.208 132.89 5165.994883200003 625
660 1.1 4255.399727272727 3688.278630347449 34469.208 132.89 5193.481825816488 643
670 0.9 2643.967888888889 1913.5759524465325 34469.208 132.89 5177.703686544345 654
680 1 6341.609999999999 7068.147567052233 34469.208 132.89 5143.309082956262 663
690 1.6 4451.592937500001 3953.7280403693753 34469.208 132.89 5161.114445765233 673
700 1 6340.240099999999 5556.270549809745 34469.208 132.89 5144.63789404935 689
710 0.8 6615.859874999999 7118.194564609755 34469.208 132.89 5161.742360515024 699
720 1 2735.2183999999997 1610.0675978574438 34469.208 132.89 5178.196306930696 707
730 1.3 5689.949692307693 4029.8148091296166 34469.208 132.89 5144.124090655511 717
740 1.6 5496.8505 4204.467709689777 34469.208 132.89 5153.8442726027415 730
750 1.1 4468.520727272727 5696.812066012663 34469.208 132.89 5161.200974530833 746
760 0.9 6810.345111111111 6734.764822325284 34469.208 132.89 5151.135607661825 757
770 1.2 4075.746416666667 2545.2376983156364 34469.208 132.89 5170.630236292431 766
780 0.6 4198.9501666666665 2390.0057090867244 34469.208 132.89 5153.742568123395 778
790 0.8 3944.4545 2496.3612846712012 34469.208 132.89 5146.43548341837 784
800 0.9 6012.283444444444 4431.076164728862 34469.208 132.89 5134.294261363639 792
810 1.1 4205.964636363636 3516.1955416650967 34469.208 132.89 5144.159308364547 801
820 1.3 6040.2112307692305 6016.014376727569 34469.208 132.89 5131.449774630544 812
830 1.1 5583.2489090909085 4875.278024770717 34469.208 132.89 5145.769652121215 825
840 0.9 4519.2536666666665 2939.6074669487575 34469.208 132.89 5151.525958133974 836
850 1.1 4762.220181818182 3103.0880509558046 34469.208 132.89 5144.791697041423 845
860 0.9 5241.471666666667 2859.1943535155337 34469.208 132.89 5139.875474299068 856
870 1.2 3122.6831666666662 4441.724177247724 34469.208 132.89 5140.932544508673 865
880 1.1 6566.724363636365 5015.533646514546 34469.208 132.89 5113.316817559866 877
890 1.1 6322.608363636365 3508.1906416745333 34469.208 132.89 5131.320739864867 888
896 0.1 5436.72 0.0 34469.208 132.89 5145.89711790879 899
