0 3.2328125 3.2328125
10 5.07734375 8.31015625
20 4.89921875 13.209375
30 4.8625 18.071875
40 4.3890625 22.4609375
50 4.3703125 26.83125
60 3.70625 30.5375
70 7.67734375 38.21484375
80 6.2765625 44.49140625
90 3.0609375 47.55234375
100 4.690625 52.24296875
110 4.5484375 56.79140625
120 2.6125 59.40390625
130 4.04453125 63.4484375
140 3.0609375 66.509375
150 3.35625 69.865625
160 5.99296875 75.85859375
170 4.73984375 80.5984375
180 6.57109375 87.16953125
190 3.70078125 90.8703125
200 4.61640625 95.48671875
210 4.5546875 100.04140625
220 6.890625 106.93203125
230 3.71328125 110.6453125
240 3.13515625 113.78046875
250 5.05859375 118.8390625
260 5.53203125 124.37109375
270 8.015625 132.38671875
280 5.3046875 137.69140625
290 6.52265625 144.2140625
300 5.3171875 149.53125
310 5.00390625 154.53515625
320 6.08515625 160.6203125
330 4.3703125 164.990625
340 4.33984375 169.33046875
350 4.9609375 174.29140625
360 1.7640625 176.05546875
370 5.80859375 181.8640625
380 5.1265625 186.990625
390 4.35234375 191.34296875
400 5.06484375 196.4078125
410 7.61015625 204.01796875
420 3.74375 207.76171875
430 5.36640625 213.128125
440 5.48359375 218.61171875
450 5.1265625 223.73828125
460 6.203125 229.94140625
470 6.871875 236.81328125
480 5.45859375 242.271875
490 6.0171875 248.2890625
500 4.2234375 252.5125
510 4.81875 257.33125
520 6.75 264.08125
530 3.49765625 267.57890625
540 5.409375 272.98828125
550 5.8640625 278.85234375
560 6 284.85234375
570 2.27421875 287.1265625
580 2.95625 290.0828125
590 5.6859375 295.76875
600 6.51640625 302.28515625
610 4.33984375 306.625
620 5.8578125 312.4828125
630 6.69453125 319.17734375
640 3.2578125 322.43515625
650 8.53828125 330.9734375
660 5.65546875 336.62890625
670 4.84375 341.47265625
680 5.84609375 347.31875
690 7.278125 354.596875
700 5.1390625 359.7359375
710 3.6265625 363.3625
720 6.0546875 369.4171875
730 7.3640625 376.78125
740 7.03828125 383.81953125
750 5.64921875 389.46875
760 4.31484375 393.78359375
770 5.72265625 399.50625
780 3.528125 403.034375
790 4.1 407.134375
800 5.2984375 412.4328125
810 5.63046875 418.06328125
820 6.18984375 424.253125
830 4.71484375 428.96796875
840 5.26796875 434.2359375
850 5.64296875 439.87890625
860 4.60390625 444.4828125
870 7.11796875 451.60078125
880 5.384375 456.98515625
890 4.27890625 461.2640625
896 0.2890625 461.553125
