0 9.090625 9.090625
10 13.13046875 22.22109375
20 11.52578125 33.746875
30 12.1796875 45.9265625
40 10.278125 56.2046875
50 10.278125 66.4828125
60 10.04140625 76.52421875
70 19.665625 96.18984375
80 13.6640625 109.85390625
90 7.4859375 117.33984375
100 10.575 127.91484375
110 11.8828125 139.79765625
120 5.584375 145.38203125
130 10.63515625 156.0171875
140 7.4859375 163.503125
150 7.7828125 171.2859375
160 16.93359375 188.21953125
170 9.92109375 198.140625
180 17.52734375 215.66796875
190 7.42578125 223.09375
200 11.22890625 234.32265625
210 11.8828125 246.20546875
220 17.1703125 263.37578125
230 7.42578125 270.8015625
240 6.83203125 277.63359375
250 13.13046875 290.7640625
260 15.03203125 305.79609375
270 18.3578125 324.15390625
280 13.13046875 337.284375
290 15.565625 352.85
300 14.08125 366.93125
310 10.21796875 377.14921875
320 15.62578125 392.775
330 10.278125 403.053125
340 10.93203125 413.98515625
350 10.871875 424.85703125
360 4.69375 429.55078125
370 15.32890625 444.8796875
380 12.4765625 457.35625
390 10.93203125 468.28828125
400 13.13046875 481.41875
410 15.80234375 497.22109375
420 10.9921875 508.21328125
430 13.42734375 521.640625
440 12.11953125 533.76015625
450 12.4765625 546.23671875
460 14.971875 561.20859375
470 17.1703125 578.37890625
480 12.11953125 590.4984375
490 16.2796875 606.778125
500 8.6734375 615.4515625
510 12.1796875 627.63125
520 15.565625 643.196875
530 10.04140625 653.23828125
540 12.7734375 666.01171875
550 14.675 680.68671875
560 13.3671875 694.05390625
570 5.94140625 699.9953125
580 8.79375 708.7890625
590 13.0703125 721.859375
600 14.61484375 736.47421875
610 10.93203125 747.40625
620 14.675 762.08125
630 16.21953125 778.30078125
640 9.090625 787.39140625
650 19.60546875 806.996875
660 13.72421875 820.72109375
670 11.8828125 832.60390625
680 15.62578125 848.2296875
690 16.159375 864.3890625
700 12.4765625 876.865625
710 8.0796875 884.9453125
720 16.2796875 901.225
730 19.071875 920.296875
740 15.20859375 935.50546875
750 13.72421875 949.2296875
760 10.93203125 960.16171875
770 12.41640625 972.578125
780 9.3875 981.965625
790 9.98125 991.946875
800 14.08125 1006.028125
810 13.72421875 1019.75234375
820 14.31796875 1034.0703125
830 9.92109375 1043.99140625
840 14.73515625 1058.7265625
850 13.72421875 1072.45078125
860 11.22890625 1083.6796875
870 18.12109375 1101.80078125
880 12.7734375 1114.57421875
890 8.01953125 1122.59375
896 0.296875 1122.890625
