0 0.5 74.17240000000001 2.77688398029158 78.954 70.785 0 0
10 0.9 76.01922222222223 6.240587575216824 89.553 68.721 74.17240000000001 5
20 1 72.1183 3.2304888500039697 89.553 67.705 75.35964285714286 14
30 0.9 73.14755555555558 3.003332708513119 89.553 67.705 74.00908333333334 24
40 0.9 74.14144444444443 3.3822668963322062 89.553 67.705 73.77412121212122 33
50 0.9 71.05311111111112 3.5641115285095 89.553 67.309 73.85283333333334 42
60 0.5 73.759 3.420366822432941 89.553 67.309 73.35876470588235 51
70 1.5 74.29760000000002 4.583436931677653 89.553 67.309 73.3945 56
80 1.4 70.83364285714286 2.572464427274327 89.553 67.169 73.58529577464788 71
90 0.6 73.25349999999999 3.057510902133744 89.553 67.169 73.13208235294117 85
100 1 74.1532 5.467608577797059 89.553 67.169 73.14008791208789 91
110 0.8 74.8025 3.691760589474898 89.553 67.169 73.24039603960394 101
120 0.6 72.21600000000001 3.804297306993761 89.553 67.169 73.35504587155961 109
130 0.7 72.75257142857143 4.463562313960926 89.553 67.129 73.29561739130432 115
140 0.6 72.232 2.2999749273995707 89.553 67.129 73.26445901639342 122
150 0.7 71.97042857142857 2.9654788511008685 89.553 67.129 73.21606249999998 128
160 0.9 72.617 2.77715377880144 89.553 67.129 73.15147407407405 135
170 1.1 73.70254545454546 4.327286875454336 89.553 67.1 73.11806944444442 144
180 1.1 72.496 3.5003529692148083 89.553 67.1 73.15954838709675 155
190 0.9 71.98088888888888 3.548678703857239 89.553 67.1 73.11557831325298 166
200 0.9 72.98277777777778 3.168925327046234 89.553 67.1 73.05722285714282 175
210 0.8 71.90787499999999 3.3673108498288364 89.553 67.1 73.05358152173909 184
220 1.3 72.83415384615385 4.26420931161387 89.553 67.1 73.00584374999995 192
230 0.9 73.12977777777779 3.2521851723205657 89.553 67.1 72.99495609756094 205
240 0.7 72.80499999999999 2.7502493912890342 89.553 67.1 73.00062616822426 214
250 0.9 72.1357777777778 3.1235922616890868 89.553 67.1 72.99442986425335 221
260 0.9 71.96900000000001 4.1686920943837755 89.553 67.1 72.96083043478257 230
270 1.7 72.47905882352941 3.1205178392015496 89.553 67.1 72.92348117154809 239
280 0.9 72.34100000000001 3.471032955443921 89.553 67.1 72.89396874999997 256
290 1.4 74.56642857142859 5.223055464740454 89.553 67.1 72.87518867924526 265
300 0.9 75.11055555555556 4.090491714835247 89.553 67.1 72.96005376344083 279
310 1.2 73.34008333333334 2.6874875645707115 89.553 67.1 73.0272569444444 288
320 1.1 72.48981818181818 1.998436789920007 89.553 67.1 73.03976999999996 300
330 0.9 75.74700000000001 3.557200272374012 89.553 67.1 73.02031832797424 311
340 0.8 73.3375 3.381861876245097 89.553 67.1 73.09700624999996 320
350 1.1 72.89727272727275 3.70900322534503 89.553 67.1 73.10287195121947 328
360 0.3 75.925 1.3230097001407994 89.553 67.1 73.09620058997046 339
370 1 74.49930000000002 2.597096842630252 89.553 67.1 73.121014619883 342
380 1 73.8996 4.628668733016009 89.553 67.1 73.16017045454541 352
390 0.8 74.04700000000001 3.4673220213876923 89.553 67.1 73.18059668508282 362
400 0.9 73.71800000000002 5.671167643831779 89.553 65.833 73.19932972972968 370
410 1.8 71.6798888888889 2.8579659023097896 89.553 65.833 73.21164643799467 379
420 0.5 73.55319999999999 1.8440424507044322 89.553 65.833 73.14219647355159 397
430 1 74.40639999999999 3.7347154965271434 89.553 65.833 73.1473084577114 402
440 1.2 73.76074999999999 3.362173209027167 89.553 65.833 73.17786893203879 412
450 1 73.93370000000002 3.57286840087905 89.553 65.833 73.19436556603769 424
460 1.2 70.44483333333334 3.6043715779900127 89.553 65.833 73.21140092165895 434
470 1.3 72.83438461538461 3.7658974727344736 89.553 65.833 73.13696412556051 446
480 1.2 69.91058333333335 3.1327338023504137 89.553 65.833 73.12839433551196 459
490 1 72.46810000000002 3.761576064630361 89.553 65.833 73.04641188959658 471
500 1 72.6469 2.9251382685268066 89.553 65.833 73.03438877338876 481
510 0.9 72.05744444444446 3.4037640965101232 89.553 65.833 73.02649694501015 491
520 1.4 70.73171428571429 4.144999783363279 89.553 65.833 73.00905399999998 500
530 0.5 69.86580000000001 1.4516458796827845 89.553 65.833 72.94702529182877 514
540 1.1 70.35163636363637 2.7770341037198567 89.553 65.833 72.9173410404624 519
550 1.1 71.67963636363639 3.687931355916273 89.553 65.833 72.8640905660377 530
560 1.3 71.98892307692306 4.096963067773267 89.553 65.833 72.84000739371531 541
570 0.4 70.43175000000001 2.771253360394898 89.553 65.833 72.820036101083 554
580 0.4 69.80250000000001 2.8909569782340268 89.553 65.833 72.8029157706093 558
590 1.2 72.23116666666667 3.246647189366625 89.553 65.833 72.78156049822063 562
600 1.4 71.33214285714287 3.507491367612696 89.553 65.833 72.77005400696862 574
610 0.8 73.8695 2.5945285217164185 89.553 65.833 72.73581802721087 588
620 1.1 70.38681818181819 3.5211461671703583 89.553 65.833 72.75103523489932 596
630 1.3 72.15099999999998 4.445503692150428 89.553 65.833 72.7081911037891 607
640 0.5 71.96200000000002 2.638576282770686 89.553 65.833 72.69650806451611 620
650 1.8 69.77416666666669 2.323530461507992 89.553 65.833 72.69063199999997 625
660 1.1 69.52400000000002 2.9495080945811982 89.553 65.833 72.60898911353028 643
670 0.8 72.91524999999999 4.067350358341412 89.553 65.833 72.55710091743116 654
680 1.1 72.2110909090909 2.820953657398517 89.553 65.833 72.56142900302112 662
690 1.6 72.1030625 4.224187783893343 89.553 65.833 72.55570282317977 673
700 1 71.48890000000002 3.8283841095167044 89.553 65.833 72.54519158200287 689
710 0.8 70.5455 3.8819754958010737 89.553 65.833 72.53008011444919 699
720 1 71.7574 3.415912797481812 89.553 65.833 72.50762376237621 707
730 1.3 70.27730769230769 2.605930880027191 89.553 65.833 72.49716039051602 717
740 1.6 73.2293125 4.377551623321393 89.553 65.833 72.45762876712327 730
750 1.1 71.10518181818182 2.475895129890372 89.553 65.833 72.47417962466487 746
760 0.8 71.46362500000001 3.181071554425488 89.553 65.833 72.45428665785995 757
770 1.3 72.8566923076923 4.544626385331203 89.553 65.833 72.4439267973856 765
780 0.6 71.38266666666667 4.118620872196043 89.553 65.833 72.450823907455 778
790 0.8 73.498625 4.86902012569007 89.553 65.833 72.44264923469387 784
800 0.9 76.11566666666666 2.7903185799793144 89.553 65.833 72.45331565656565 792
810 1.1 71.72918181818181 3.6067059465839404 89.553 65.833 72.4944656679151 801
820 1.3 72.52261538461538 4.405318560706111 89.553 65.833 72.48409852216747 812
830 1.1 75.81590909090907 3.8314831558488787 89.553 65.833 72.48470545454545 825
840 0.8 69.441875 1.2991723747736519 89.553 65.833 72.5285370813397 836
850 1.1 72.61063636363637 3.073216593636862 89.553 65.833 72.49927962085307 844
860 0.9 71.61466666666666 3.706881108904835 89.553 65.833 72.50071228070175 855
870 1.3 72.82392307692308 2.829971037131993 89.553 65.833 72.49148263888888 864
880 1.1 73.30718181818182 3.6941959100036383 89.553 65.833 72.49641049030787 877
890 1.1 72.55418181818182 3.224116054142358 89.553 65.833 72.50645382882882 888
896 0.1 69.688 0.0 89.553 65.833 72.50703781979978 899
