0 0.5 2244.4665999999997 2378.1351694570767 6731.061 239.597 0 0
10 0.9 4779.402333333333 3253.690716977602 11382.489 188.653 2244.4665999999997 5
20 1 5052.1449999999995 6307.9928363736435 21797.662 188.653 3874.068142857143 14
30 0.9 4759.473 4789.468336504724 21797.662 188.653 4364.9335 24
40 0.9 3864.2523333333334 3006.6819645793007 21797.662 188.653 4472.5351818181825 33
50 0.9 3476.259888888889 3915.298386027486 21797.662 188.653 4342.188857142858 42
60 0.5 2013.4272 1028.0125833182005 21797.662 188.653 4189.377862745098 51
70 1.5 5718.914466666665 4989.507922008834 21797.662 188.653 3995.0965535714286 56
80 1.4 4206.5236428571425 2720.015129362955 21797.662 136.13 4359.283436619718 71
90 0.6 3620.036833333333 2757.6697120596473 21797.662 136.13 4334.123 85
100 1 6168.8641 5061.37574962623 21797.662 136.13 4287.040395604396 91
110 0.8 4119.290750000001 3545.4045870055065 21797.662 136.13 4473.359574257425 101
120 0.6 3846.879166666666 4324.387764838063 21797.662 136.13 4447.372871559633 109
130 0.7 5462.894 4172.017161486345 21797.662 136.13 4416.042765217391 115
140 0.6 2733.3760000000007 2586.3755240536902 21797.662 136.13 4476.108 122
150 0.7 7899.862857142856 5743.528615397045 21797.662 136.13 4394.4174375 128
160 0.9 5027.717111111111 3993.933001926337 21797.662 136.13 4576.181274074074 135
170 1.1 5495.553000000001 3197.787494408453 21797.662 136.13 4604.402263888889 144
180 1.1 5906.086 4654.605218052821 21797.662 136.13 4667.645219354838 155
190 0.9 5161.808222222223 2682.691384561605 21797.662 136.13 4749.7105722891565 166
200 0.9 8761.135888888886 6710.38896580695 21797.662 136.13 4770.904165714285 175
210 0.8 3777.8890000000006 2908.4152073277814 21797.662 136.13 4966.07854347826 184
220 1.3 5925.182769230769 4369.6786845725 21797.662 136.13 4916.5706458333325 192
230 0.9 4667.796222222223 2370.646721044317 21797.662 136.13 4980.531414634145 205
240 0.7 6661.521428571429 6013.0719211998185 21797.662 56.028 4967.379 214
250 0.9 4032.7932222222216 2872.2338957236666 21797.662 56.028 5021.039619909501 221
260 0.9 3210.904333333333 4628.370496900178 21797.662 56.028 4982.369108695651 230
270 1.7 7159.014294117647 6092.094114092613 21797.662 56.028 4915.661230125522 239
280 0.9 5358.99188888889 3179.4110391004965 21797.662 56.028 5064.633894531249 256
290 1.4 4024.302214285715 3219.861381812226 21797.662 56.028 5074.630958490565 265
300 0.9 7853.1213333333335 5011.373543564545 21797.662 56.028 5021.926290322579 279
310 1.2 5643.936583333333 3696.5535532631034 21797.662 56.028 5110.401135416665 288
320 1.1 4245.469909090909 3594.7345351497465 21797.662 56.028 5131.742553333332 300
330 0.9 6220.781666666667 2971.765230107034 21797.662 56.028 5100.395289389066 311
340 0.8 3397.6555000000003 3186.624703699002 21797.662 56.028 5131.906156249998 320
350 1.1 4522.572090909091 3862.8026642995524 21797.662 56.028 5089.607359756096 328
360 0.3 4762.676333333334 2095.3895182812403 21797.662 56.028 5071.207985250736 339
370 1 3502.6272 2956.702841411453 21797.662 56.028 5068.501567251461 342
380 1 5465.415500000001 4414.022108403928 21797.662 56.028 5024.016499999999 352
390 0.8 3752.0279999999993 4121.297387094051 21797.662 56.028 5036.209842541435 362
400 1 10843.8124 9598.513400219621 28552.967 56.028 5008.443748648647 370
410 1.7 6001.427411764706 3347.1233851694037 28552.967 56.028 5162.006081578946 380
420 0.5 2403.6338 1258.2989197657923 28552.967 56.028 5197.951075566749 397
430 1 7823.112100000001 7714.573656845768 28552.967 56.028 5163.195885572138 402
440 1.2 5779.939000000001 4340.437716372049 28552.967 56.028 5227.756958737862 412
450 1 3479.818800000001 3304.893606915109 28552.967 56.028 5243.384752358489 424
460 1.2 3793.271666666667 2926.1668673998906 28552.967 56.028 5202.749592165897 434
470 1.3 2291.337076923077 1355.9740167101263 28552.967 56.028 5164.826419282509 446
480 1.2 8064.346333333334 9855.008292175678 34398.984 56.028 5083.442189542482 459
490 1 2654.9282 1718.1853968619218 34398.984 56.028 5159.388791932058 471
500 1 7036.0175 5548.357729200871 34398.984 56.028 5107.321004158003 481
510 0.9 4698.244777777778 5928.3896984048015 34398.984 56.028 5146.601991853359 491
520 1.4 5150.94 5545.1020029546025 34398.984 56.028 5138.531561999999 500
530 0.5 5330.2288 4593.411076911467 34398.984 56.028 5138.869535019455 514
540 1.1 4930.931181818182 3794.93509547159 34398.984 56.028 5140.713073217726 519
550 1.1 4384.106909090909 3356.096690508361 34398.984 56.028 5136.359109433961 530
560 1.3 4853.789999999999 4369.55950872523 34398.984 56.028 5121.063778188538 541
570 0.4 10501.24725 6799.609143014191 34398.984 56.028 5114.792010830323 554
580 0.4 3620.52325 1975.256518084724 34398.984 56.028 5153.404593189963 558
590 1.2 4822.189333333331 3786.7371813561194 34398.984 56.028 5142.4944056939485 562
600 1.4 3635.944357142857 3064.4055576290953 34398.984 56.028 5135.798132404179 574
610 0.8 2688.01525 1933.9766221253003 34398.984 56.028 5100.0873282312905 588
620 1.1 5066.923181818182 3712.536657955112 34398.984 56.028 5067.710521812079 596
630 1.3 5725.710230769231 3979.2253522548863 34398.984 56.028 5067.696253706753 607
640 0.5 6302.6304 4071.8284596958456 34398.984 56.028 5081.493320967741 620
650 1.8 6076.066722222223 5805.046960888745 34398.984 56.028 5091.262417599998 625
660 1.1 4183.83909090909 3688.1662613796293 34398.984 56.028 5118.830811819594 643
670 0.9 2569.367111111111 1914.2624435500795 34398.984 56.028 5103.104651376145 654
680 1 6267.117 7067.081612585594 34398.984 56.028 5068.710024132728 663
690 1.6 4377.4550625 3952.5137256765547 34398.984 56.028 5086.516962852896 673
700 1 6266.710799999999 5555.403231213389 34398.984 56.028 5070.05108417997 689
710 0.8 6543.269125 7116.8672790833225 34398.984 56.028 5087.170679542202 699
720 1 2661.3834999999995 1611.573429975516 34398.984 56.028 5103.6470410183865 707
730 1.3 5617.626769230769 4028.7650551947854 34398.984 56.028 5069.584788005577 717
740 1.6 5421.57675 4203.453668496054 34398.984 56.028 5079.3444397260255 730
750 1.1 4395.376181818183 5696.401169969284 34398.984 56.028 5086.684542895441 746
760 0.8 7250.892625 6975.013041696427 34398.984 56.028 5076.639110964332 757
770 1.3 3894.870153846154 2472.8860351305457 34398.984 56.028 5099.376402614378 765
780 0.6 4125.529666666666 2389.1501876095795 34398.984 56.028 5079.2496915167085 778
790 0.8 3868.9081250000004 2494.480058888096 34398.984 56.028 5071.950813775509 784
800 0.9 5934.123444444444 4431.556038834995 34398.984 56.028 5059.7988674242415 792
810 1.1 4132.198818181818 3516.7651503306483 34398.984 56.028 5069.622739076154 801
820 1.3 5965.632692307691 6016.239385412201 34398.984 56.028 5056.923646551723 812
830 1.1 5505.380090909091 4875.915036745233 34398.984 56.028 5071.242698181817 825
840 0.8 4526.897625 3109.1663629493573 34398.984 56.028 5076.955032296651 836
850 1.1 4777.571363636364 3060.2105284691906 34398.984 56.028 5071.741218009478 844
860 0.9 4848.019333333334 2940.061927832549 34398.984 56.028 5067.956576608187 855
870 1.3 3251.7847692307696 4326.881555977328 34398.984 56.028 5065.665563657407 864
880 1.1 6491.361818181819 5016.487932901207 34398.984 56.028 5038.7779350057 877
890 1.1 6247.906636363637 3508.0033412527696 34398.984 56.028 5056.771654279279 888
896 0.1 5364.989 0.0 34398.984 56.028 5071.346164627364 899
