0 4 5
10 5 7
20 3 8
30 6 8
40 4 8
50 2 8
60 7 8
70 7 9
80 4 9
90 5 9
100 2 9
110 3 9
120 3 9
130 4 9
140 3 9
150 3 9
160 9 9
170 5 10
180 10 10
190 5 10
200 5 10
210 7 10
220 8 11
230 4 11
240 2 11
250 4 11
260 8 11
270 5 12
280 7 12
290 7 12
300 8 12
310 3 12
320 5 12
330 5 12
340 5 12
350 2 12
360 3 12
370 6 12
380 6 12
390 6 12
400 8 12
410 2 13
420 7 13
430 7 13
440 5 13
450 5 13
460 5 13
470 6 13
480 3 13
490 7 13
500 4 13
510 4 13
520 3 13
530 6 13
540 7 13
550 6 13
560 3 13
570 4 13
580 10 13
590 6 13
600 3 13
610 5 13
620 5 13
630 5 13
640 8 13
650 5 13
660 5 13
670 6 13
680 9 13
690 5 13
700 5 13
710 3 13
720 7 13
730 10 13
740 5 13
750 5 13
760 5 13
770 2 13
780 5 13
790 5 13
800 7 13
810 7 13
820 5 13
830 2 13
840 5 13
850 5 13
860 5 13
870 8 13
880 7 13
890 1 13
896 0 13
