0 1 10
10 0.9 19
20 0.9 28
30 1.1 39
40 0.7 46
50 0.8 54
60 1 64
70 1.6 80
80 0.9 89
90 0.7 96
100 0.7 103
110 1 113
120 0.5 118
130 0.8 126
140 0.6 132
150 0.6 138
160 1.5 153
170 0.7 160
180 1.6 176
190 0.4 180
200 0.9 189
210 1 199
220 1.4 213
230 0.5 218
240 0.5 223
250 1.1 234
260 1.3 247
270 1.4 261
280 1.2 273
290 1.3 286
300 1 296
310 0.7 303
320 1.3 316
330 0.9 325
340 0.8 333
350 0.8 341
360 0.4 345
370 1.3 358
380 1 368
390 1 378
400 1 388
410 1.1 399
420 1 409
430 1.1 420
440 0.9 429
450 1 439
460 1.2 451
470 1.4 465
480 0.9 474
490 1.4 488
500 0.7 495
510 1 505
520 1.2 517
530 0.8 525
540 1.2 537
550 1 547
560 1 557
570 0.5 562
580 1 572
590 0.8 580
600 1.1 591
610 1 601
620 1.1 612
630 1.3 625
640 0.8 633
650 1.5 648
660 1.1 659
670 1 669
680 1.3 682
690 1.2 694
700 1 704
710 0.6 710
720 1.4 724
730 1.6 740
740 1.1 751
750 1.1 762
760 0.9 771
770 0.9 780
780 0.9 789
790 0.8 797
800 1.1 808
810 1.1 819
820 1.1 830
830 0.8 838
840 1.2 850
850 1.1 861
860 0.9 870
870 1.5 885
880 1 895
890 0.5 900
896 0 900
