0 0.7 82.96714285714286 35.6093134584141 141.875 48.158 0 0
10 0.4 80.542 22.86676799418755 141.875 48.158 82.96714285714286 7
20 0.3 99.44066666666667 71.69206829830543 200.812 47.168 82.08527272727272 11
30 0.3 60.967000000000006 16.83643349010314 200.812 47.168 85.80428571428571 14
40 0.5 66.4786 22.927022105803445 200.812 47.168 81.42123529411765 17
50 0.3 198.97399999999996 129.24184678604163 361.955 45.838 78.02518181818182 22
60 0.8 80.348 37.62992281084297 361.955 45.838 92.53904 25
70 0.5 152.174 130.93692031661658 413.633 45.838 89.58363636363637 33
80 0.5 118.44599999999998 53.412384062125525 413.633 45.838 97.81921052631579 38
90 0.4 77.745 15.799368769036315 413.633 45.838 100.21767441860464 43
100 0.7 66.776 21.563527805731866 413.633 45.838 98.30510638297872 47
110 0.4 102.58249999999998 32.84653097741069 413.633 45.838 94.218 54
119 0.2 79.2325 3.5955000000000013 413.633 45.838 94.79486206896551 58
