0 0.1 31.155299293065525 0 31.155299293065525 31.155299293065525 0 0
10 0.1 29.641532756489493 0.0 31.155299293065525 29.641532756489493 31.155299293065525 1
20 0.1 22.553516819571865 0.0 31.155299293065525 22.553516819571865 30.39841602477751 2
30 0.1 24.233983286908078 0.0 31.155299293065525 22.553516819571865 27.783449623042298 3
40 0.1 22.899590163934427 0.0 31.155299293065525 22.553516819571865 26.896083039008744 4
50 0.1 23.90529531568228 0.0 31.155299293065525 22.553516819571865 26.096784463993878 5
60 0.1 23.44266463259598 0.0 31.155299293065525 22.553516819571865 25.73153627260861 6
70 0.1 23.746500381776535 0.0 31.155299293065525 22.553516819571865 25.404554609749663 7
80 0.1 22.920892494929006 0.0 31.155299293065525 22.553516819571865 25.197297831253024 8
90 0.1 22.924095771777893 0.0 31.155299293065525 22.553516819571865 24.944363904994802 9
100 0.1 24.851778656126484 0.0 31.155299293065525 22.553516819571865 24.742337091673114 10
110 0.1 27.25184996172493 0.0 31.155299293065525 22.553516819571865 24.75228632480524 11
119 0.1 24.001018070755915 0.0 31.155299293065525 22.553516819571865 24.960583294548545 12
