0 0.1 8651.6015625 0 8651.6015625 8651.6015625 0 0
10 0.1 8649.74609375 0.0 8651.6015625 8649.74609375 8651.6015625 1
20 0.1 8653.3671875 0.0 8653.3671875 8649.74609375 8650.673828125 2
30 0.1 8653.3671875 0.0 8653.3671875 8649.74609375 8651.571614583334 3
40 0.1 8659.55078125 0.0 8659.55078125 8649.74609375 8652.0205078125 4
50 0.1 8659.62890625 0.0 8659.62890625 8649.74609375 8653.5265625 5
60 0.1 8659.7421875 0.0 8659.7421875 8649.74609375 8654.543619791666 6
70 0.1 8660.09375 0.0 8660.09375 8649.74609375 8655.28627232143 7
80 0.1 8660.36328125 0.0 8660.36328125 8649.74609375 8655.88720703125 8
90 0.1 8660.42578125 0.0 8660.42578125 8649.74609375 8656.384548611111 9
100 0.1 8661.44140625 0.0 8661.44140625 8649.74609375 8656.788671875 10
110 0.1 8662.40625 0.0 8662.40625 8649.74609375 8657.211647727272 11
119 0.1 8673.890625 0.0 8673.890625 8649.74609375 8657.64453125 12
