0 0.1 1.1484375 0 1.1484375 1.1484375 0 0
10 0.1 1.19921875 0.0 1.19921875 1.1484375 1.1484375 1
20 0.1 1.01953125 0.0 1.19921875 1.01953125 1.173828125 2
30 0.1 0.859375 0.0 1.19921875 0.859375 1.1223958333333333 3
40 0.1 0.73046875 0.0 1.19921875 0.73046875 1.056640625 4
50 0.1 0.78125 0.0 1.19921875 0.73046875 0.99140625 5
60 0.1 0.80859375 0.0 1.19921875 0.73046875 0.9563802083333334 6
70 0.1 0.83984375 0.0 1.19921875 0.73046875 0.9352678571428571 7
80 0.1 0.87109375 0.0 1.19921875 0.73046875 0.92333984375 8
90 0.1 0.96875 0.0 1.19921875 0.73046875 0.9175347222222222 9
100 0.1 0.890625 0.0 1.19921875 0.73046875 0.92265625 10
110 0.1 1.0703125 0.0 1.19921875 0.73046875 0.9197443181818182 11
119 0.1 0.98046875 0.0 1.19921875 0.73046875 0.9322916666666666 12
