0 0.7 146.53685714285714 37.04310304970441 222.411 103.575 0 0
10 0.4 152.3945 25.714442532359133 222.411 103.575 146.53685714285714 7
20 0.3 175.774 86.4942368523283 295.077 92.735 148.6669090909091 11
30 0.3 131.68433333333334 23.293531252736724 295.077 92.735 154.4755714285714 14
40 0.5 137.44899999999998 28.55478573549449 295.077 92.735 150.4535882352941 17
50 0.2 388.6055 74.90250000000002 463.508 92.735 147.49799999999996 22
60 0.9 165.716 50.09224151946531 463.508 92.735 167.59029166666664 24
70 0.5 237.14100000000002 119.71245925466573 476.153 92.735 167.07912121212118 33
80 0.5 186.55599999999998 47.81995838141226 476.153 92.735 176.2977894736842 38
90 0.4 148.90325 31.107558819160023 476.153 92.735 177.49060465116276 43
100 0.7 159.24500000000003 18.70559836748652 476.153 92.735 175.05763829787233 47
110 0.4 192.87824999999998 55.895476026128435 476.153 92.735 173.00785185185183 54
119 0.2 153.3835 31.099499999999995 476.153 92.735 174.378224137931 58
