0 0.7 149.3867142857143 37.53209496917952 226.882 106.233 0 0
10 0.4 154.66150000000002 25.614449686651476 226.882 106.233 149.3867142857143 7
20 0.4 168.85924999999997 76.5504739775496 297.251 94.859 151.30481818181818 11
30 0.2 130.0065 27.766500000000004 297.251 94.859 155.986 15
40 0.5 139.5278 28.542542797725652 297.251 94.859 152.92958823529412 17
50 0.3 331.601 103.49539161721164 465.534 94.859 149.88372727272727 22
60 0.8 162.16625 50.3406969204589 465.534 94.859 171.6898 25
70 0.5 239.3306 119.67423506436128 478.274 94.859 169.3810606060606 33
80 0.5 188.6728 47.83556634722746 478.274 94.859 178.58494736842104 38
90 0.4 150.94375 31.10084760400429 478.274 94.859 179.75795348837207 43
100 0.7 161.3735714285714 18.68890225972273 478.274 94.859 177.30568085106378 47
110 0.4 194.99075 55.907998387417706 478.274 94.859 175.24040740740736 54
119 0.2 156.2985 30.9335 478.274 94.859 176.60249999999996 58
