0 0.4 4
10 0.6 10
20 0.5 15
30 0.4 19
40 0.4 23
50 0.4 27
60 0.3 30
70 0.5 35
80 0.4 39
90 0.1 40
100 0.7 47
110 0.4 51
120 0.8 59
130 0.2 61
140 0.5 66
150 0.2 68
160 0.3 71
170 0.5 76
180 0 76
190 0.2 78
200 0.3 81
210 0.4 85
220 0.4 89
230 0.1 90
240 0.3 93
250 0 93
260 0.3 96
270 0 96
280 0.7 103
290 0.2 105
300 0.3 108
310 0.4 112
320 0.5 117
330 0.4 121
340 0.9 130
350 0.8 138
360 0.9 147
370 0.2 149
380 0.7 156
390 0.1 157
400 0.5 162
410 0 162
420 0.6 168
430 0.4 172
440 0.4 176
450 0.3 179
460 0.3 182
470 0.2 184
480 0.6 190
490 0.2 192
500 0.6 198
510 0.4 202
520 0.2 204
530 0.7 211
540 0.3 214
550 0.1 215
560 0.7 222
570 0.3 225
580 0.4 229
590 0.9 238
600 0.6 244
610 0.9 253
620 0.6 259
630 0.1 260
640 0.2 262
650 0.4 266
660 0.4 270
670 0.2 272
680 0.7 279
690 0 279
700 0.6 285
710 0.6 291
720 0.6 297
730 0.3 300
740 0.8 308
750 0.8 316
760 0.4 320
770 0.1 321
780 0.4 325
790 0.4 329
800 0.7 336
810 0.3 339
820 0.6 345
830 0.7 352
840 0.1 353
850 0.3 356
860 0.1 357
870 0.1 358
875 0.2 360
