0 0.4 28.80525 1.5689317026244316 30.372 26.209 0 0
10 0.6 28.887666666666664 1.5659038568471866 32.023 26.209 28.80525 4
20 0.5 27.8818 1.5975233832404458 32.023 25.797 28.8547 10
30 0.4 28.423000000000002 1.5016066395697627 32.023 25.797 28.5304 15
40 0.4 29.314 0.34886028722111506 32.023 25.797 28.507789473684213 19
50 0.4 26.859499999999997 0.8121349949361881 32.023 25.797 28.648 23
60 0.3 32.05166666666667 1.9915696210666478 34.41 25.797 28.383037037037038 27
70 0.5 28.032600000000002 1.992058091522434 34.41 25.441 28.7499 30
80 0.4 26.0195 0.7000708892676535 34.41 25.136 28.64742857142857 35
90 0.1 29.755 0.0 34.41 25.136 28.377897435897438 39
100 0.7 28.23542857142857 1.4336563502500328 34.41 25.136 28.412325000000003 40
110 0.4 28.244 0.8735367765583775 34.41 25.136 28.385978723404257 47
120 0.8 27.959124999999997 1.6332792502738167 34.41 25.136 28.374843137254906 51
130 0.2 29.75 0.31400000000000006 34.41 25.136 28.31847457627119 59
140 0.5 27.917 1.7056644453115632 34.41 25.136 28.365409836065577 61
150 0.3 28.720333333333333 1.5536428876103483 34.41 25.136 28.331439393939398 66
160 0.2 26.500999999999998 0.24800000000000022 34.41 25.136 28.34834782608696 69
170 0.5 28.503800000000002 1.8208393009818296 34.41 25.136 28.296309859154935 71
180 0 0 0 34.41 25.136 28.3099605263158 76
190 0.2 27.8005 1.5474999999999994 34.41 25.136 28.3099605263158 76
200 0.3 26.688 1.7531594337081842 34.41 25.136 28.296897435897446 78
210 0.4 27.715 1.0781467896348809 34.41 25.136 28.237308641975318 81
220 0.4 26.70075 1.644163218023077 34.41 25.136 28.212729411764716 85
230 0.1 28.138 0.0 34.41 25.136 28.144775280898884 89
240 0.3 28.856000000000005 1.7355880847712692 34.41 25.136 28.144700000000007 90
250 0 0 0 34.41 25.136 28.16764516129033 93
260 0.3 27.477 1.888595245149156 34.41 25.055 28.16764516129033 93
270 0 0 0 34.41 25.055 28.14606250000001 96
280 0.7 28.675571428571427 0.8672242842446656 34.41 25.055 28.14606250000001 96
290 0.2 27.996000000000002 1.2610000000000001 34.41 25.055 28.182048543689326 103
300 0.3 27.85366666666667 1.2875706668848212 34.41 25.055 28.17850476190477 105
310 0.4 25.77075 0.5957824162393521 34.41 24.836 28.16948148148149 108
320 0.5 28.1334 1.658121177718927 34.41 24.836 28.08381250000001 112
330 0.4 28.6215 1.130066037893361 34.41 24.836 28.085931623931632 117
340 0.9 27.991666666666667 1.4744787402860564 34.41 24.836 28.103636363636372 121
350 0.8 26.702624999999998 1.103895368400013 34.41 24.836 28.095884615384623 130
360 0.9 28.08522222222222 1.5924533677301391 34.41 24.836 28.015115942028995 138
370 0.2 27.0985 0.9445000000000006 34.41 24.836 28.019408163265314 147
380 0.7 28.38871428571429 1.428735676272228 34.41 24.836 28.00704697986578 149
390 0.1 25.956 0.0 34.41 24.836 28.024173076923088 156
400 0.5 27.977399999999996 1.4437877406322568 34.41 24.836 28.01100000000001 157
410 0 0 0 34.41 24.836 28.009962962962973 162
420 0.6 27.885166666666667 1.8968748347977231 34.41 24.836 28.009962962962973 162
430 0.4 28.1345 1.5737408458828281 34.41 24.836 28.005505952380958 168
440 0.4 26.3465 0.4949366121030043 34.41 24.836 28.00850581395349 172
450 0.3 26.801333333333332 1.6399707991980295 34.41 24.836 27.97073295454546 176
460 0.3 26.563666666666666 1.5761290838281263 34.41 24.836 27.951134078212295 179
470 0.2 29.958 0.34499999999999975 34.41 24.836 27.928263736263737 182
480 0.6 28.513666666666666 1.30789177262069 34.41 24.836 27.950326086956526 184
490 0.2 27.652 0.4009999999999998 34.41 24.836 27.96811578947369 190
500 0.6 26.102499999999996 0.9430805462242682 34.41 24.836 27.964822916666673 192
510 0.4 28.36475 2.8564333857977506 34.41 24.836 27.908388888888894 198
520 0.2 28.147 2.633 34.41 24.836 27.91742574257426 202
530 0.7 27.579714285714285 1.7886735479747242 34.41 24.836 27.91967647058824 204
540 0.3 26.12633333333333 0.2281846231064264 34.41 24.836 27.908398104265405 211
550 0.1 29.4 0.0 34.41 24.836 27.883415887850468 214
560 0.7 27.845142857142857 1.2861498944603649 34.41 24.836 27.89046976744186 215
570 0.3 27.650333333333336 1.1843992382450932 34.41 24.836 27.88904054054054 222
580 0.4 28.3245 1.7034773993217525 34.41 24.836 27.88585777777778 225
590 0.9 27.080777777777783 1.7649857272181995 34.41 24.834 27.893519650655023 229
600 0.6 28.079666666666668 1.3531896475447267 34.41 24.834 27.862785714285714 238
610 0.9 28.30222222222222 2.178567203858627 34.41 24.834 27.868118852459016 244
620 0.6 28.0835 1.7955944930115302 34.41 24.834 27.883561264822134 253
630 0.1 29.47 0.0 34.41 24.834 27.888193050193053 259
640 0.2 30.822 2.288999999999998 34.41 24.834 27.894276923076927 260
650 0.4 29.1 0.48631317070381685 34.41 24.834 27.916625954198476 262
660 0.4 28.226000000000003 1.5942749135578849 34.41 24.834 27.93442105263158 266
670 0.2 25.758499999999998 0.4005000000000001 34.41 24.834 27.938740740740744 270
680 0.7 30.11585714285714 3.1894828254558063 37.546 24.834 27.92270955882353 272
690 0 0 0 37.546 24.834 27.97773476702509 279
700 0.6 27.37216666666667 1.7575353402484468 37.546 24.834 27.97773476702509 279
710 0.6 27.917666666666662 1.5058705861468389 37.546 24.834 27.964985964912284 285
720 0.6 27.06233333333333 1.0253203835333062 37.546 24.834 27.964010309278354 291
730 0.3 27.998999999999995 1.8676746683153014 37.546 24.834 27.945794612794618 297
740 0.8 28.283625 2.900167233863421 37.546 24.0 27.94632666666667 300
750 0.8 27.6915 2.2503324754355747 37.546 24.0 27.955087662337668 308
760 0.4 26.7455 1.605116584550793 37.546 24.0 27.948414556962028 316
770 0.1 27.225 0.0 37.546 24.0 27.933378125 320
780 0.4 27.47225 1.9588258440964073 37.546 24.0 27.931171339563864 321
790 0.4 27.9165 1.5933785645602234 37.546 24.0 27.925523076923078 325
800 0.7 28.290999999999997 1.037707363098371 37.546 24.0 27.92541337386018 329
810 0.3 28.781666666666666 2.068664679341618 37.546 24.0 27.93302976190476 336
820 0.6 28.14766666666667 1.6797325845370614 37.546 24.0 27.940539823008848 339
830 0.7 28.140714285714285 2.2269343895836284 37.546 24.0 27.944142028985507 345
840 0.1 29.366 0.0 37.546 24.0 27.948051136363635 352
850 0.3 27.839 1.0241835772946168 37.546 24.0 27.952067988668556 353
860 0.1 26.632 0.0 37.546 24.0 27.951115168539324 356
870 0.1 28.796 0.0 37.546 24.0 27.947420168067225 357
875 0.2 29.310000000000002 0.27800000000000136 37.546 24.0 27.949790502793295 358
