0 0 0
10 2 2
20 1 -1
30 1 0
40 1 0
50 1 0
60 2 1
70 1 -1
80 0 -1
90 0 0
100 1 1
110 2 1
120 1 -1
130 0 -1
140 0 0
150 1 1
160 0 -1
170 0 0
180 0 0
190 2 2
200 0 -2
210 1 1
220 1 0
230 0 -1
240 1 1
250 0 -1
260 0 0
270 0 0
280 1 1
290 0 -1
300 0 0
310 2 2
320 3 1
330 2 -1
340 2 0
350 0 -2
360 0 0
370 0 0
380 2 2
390 0 -2
400 0 0
410 0 0
420 1 1
430 0 -1
440 1 1
450 1 0
460 0 -1
470 0 0
480 0 0
490 0 0
500 0 0
510 2 2
520 0 -2
530 3 3
540 0 -3
550 1 1
560 1 0
570 0 -1
580 1 1
590 2 1
600 1 -1
610 0 -1
620 1 1
630 0 -1
640 0 0
650 0 0
660 2 2
670 0 -2
680 1 1
690 0 -1
700 1 1
710 1 0
720 1 0
730 1 0
740 3 2
750 2 -1
760 0 -2
770 1 1
780 2 1
790 0 -2
800 1 1
810 2 1
820 1 -1
830 2 1
840 0 -2
850 0 0
860 1 1
870 0 -1
875 0 0
