0 0.1 6.926642363175056 0 6.926642363175056 6.926642363175056 0 0
10 0.1 10.333277507955115 0.0 10.333277507955115 6.926642363175056 6.926642363175056 1
20 0.1 10.651135506578397 0.0 10.651135506578397 6.926642363175056 8.629959935565086 2
30 0.1 8.93542466210579 0.0 10.651135506578397 6.926642363175056 9.303685125902858 3
40 0.1 12.588578574406004 0.0 12.588578574406004 6.926642363175056 9.21162000995359 4
50 0.1 10.790286238838355 0.0 12.588578574406004 6.926642363175056 9.887011722844074 5
60 0.1 7.8196872125115 0.0 12.588578574406004 6.926642363175056 10.037557475509788 6
70 0.1 10.73920265780731 0.0 12.588578574406004 6.926642363175056 9.720718866510031 7
80 0.1 11.025128973206856 0.0 12.588578574406004 6.926642363175056 9.848029340422192 8
90 0.1 7.837905444842826 0.0 12.588578574406004 6.926642363175056 9.978818188509377 9
100 0.1 7.444416687484387 0.0 12.588578574406004 6.926642363175056 9.764726914142724 10
110 0.1 7.977968789117917 0.0 12.588578574406004 6.926642363175056 9.553789620810148 11
120 0.1 7.826665557681112 0.0 12.588578574406004 6.926642363175056 9.42247121816913 12
130 0.1 7.499791440727455 0.0 12.588578574406004 6.926642363175056 9.29971693659313 13
140 0.1 7.766099432766099 0.0 12.588578574406004 6.926642363175056 9.171150829745583 14
150 0.1 7.362885048835461 0.0 12.588578574406004 6.926642363175056 9.077480736613618 15
160 0.1 7.54180602006689 0.0 12.588578574406004 6.926642363175056 8.970318506127484 16
170 0.1 7.407098121085595 0.0 12.588578574406004 6.926642363175056 8.886288359888626 17
180 0.1 8.127975941859495 0.0 12.588578574406004 6.926642363175056 8.804111124399569 18
190 0.1 7.715455989300343 0.0 12.588578574406004 6.926642363175056 8.768525062160617 19
200 0.1 7.6454386111342965 0.0 12.588578574406004 6.926642363175056 8.715871608517604 20
210 0.1 8.304901389697928 0.0 12.588578574406004 6.926642363175056 8.664898608642208 21
220 0.1 7.903722828350129 0.0 12.588578574406004 6.926642363175056 8.648535098690196 22
230 0.1 7.971619365609349 0.0 12.588578574406004 6.926642363175056 8.616151956501499 23
240 0.1 7.403998996067933 0.0 12.588578574406004 6.926642363175056 8.589296431880992 24
250 0.1 7.658899189843815 0.0 12.588578574406004 6.926642363175056 8.54188453444847 25
260 0.1 7.473666610934626 0.0 12.588578574406004 6.926642363175056 8.507923559655984 26
270 0.1 10.12965286491008 0.0 12.588578574406004 6.926642363175056 8.469617746740377 27
280 0.1 9.340797059069263 0.0 12.588578574406004 6.926642363175056 8.528904715246437 28
290 0.1 12.306418219461698 0.0 12.588578574406004 6.926642363175056 8.556901002964466 29
300 0.1 13.633355393778954 0.0 13.633355393778954 6.926642363175056 8.681884910181042 30
310 0.1 11.502890173410405 0.0 13.633355393778954 6.926642363175056 8.841609764490652 31
320 0.1 7.966369766086739 0.0 13.633355393778954 6.926642363175056 8.924774777269393 32
330 0.1 7.609691116476563 0.0 13.633355393778954 6.926642363175056 8.89573220117295 33
340 0.1 7.354784788967823 0.0 13.633355393778954 6.926642363175056 8.857907463387761 34
350 0.1 7.342131640494487 0.0 13.633355393778954 6.926642363175056 8.814961101261478 35
360 0.1 7.480775660314276 0.0 13.633355393778954 6.926642363175056 8.774049171795728 36
370 0.1 10.1375146738219 0.0 13.633355393778954 6.926642363175056 8.73909583364758 37
380 0.1 12.081158444182522 0.0 13.633355393778954 6.926642363175056 8.775896329441641 38
390 0.1 16.722632639355272 0.0 16.722632639355272 6.926642363175056 8.860646640076023 39
400 0.1 11.532028767352399 0.0 16.722632639355272 6.926642363175056 9.057196290058005 40
410 0.1 12.229256914361878 0.0 16.722632639355272 6.926642363175056 9.117558057796893 41
420 0.1 10.473815461346634 0.0 16.722632639355272 6.926642363175056 9.191646125810346 42
430 0.1 9.79985051075492 0.0 16.722632639355272 6.926642363175056 9.221464017334446 43
440 0.1 9.161258112830755 0.0 16.722632639355272 6.926642363175056 9.234609164912184 44
450 0.1 8.267913813262068 0.0 16.722632639355272 6.926642363175056 9.232979141532597 45
460 0.1 7.346427078980359 0.0 16.722632639355272 6.926642363175056 9.211999460483238 46
470 0.1 7.408646207876912 0.0 16.722632639355272 6.926642363175056 9.17230643108956 47
480 0.1 8.946171341925702 0.0 16.722632639355272 6.926642363175056 9.135563509772629 48
490 0.1 9.09626388421407 0.0 16.722632639355272 6.926642363175056 9.131698363490038 49
500 0.1 9.031556039173013 0.0 16.722632639355272 6.926642363175056 9.13098967390452 50
510 0.1 10.465794517123573 0.0 16.722632639355272 6.926642363175056 9.129039994792137 51
520 0.1 9.631113336671675 0.0 16.722632639355272 6.926642363175056 9.15474681252928 52
530 0.1 12.086258776328988 0.0 16.722632639355272 6.926642363175056 9.163734860154609 53
540 0.1 10.591483309629382 0.0 16.722632639355272 6.926642363175056 9.217855673417098 54
550 0.1 16.05657237936772 0.0 16.722632639355272 6.926642363175056 9.24283072134823 55
560 0.1 12.77533039647577 0.0 16.722632639355272 6.926642363175056 9.36450467952715 56
570 0.1 13.73873873873874 0.0 16.722632639355272 6.926642363175056 9.424343727192914 57
580 0.1 14.164425016812373 0.0 16.722632639355272 6.926642363175056 9.498729848081636 58
590 0.1 14.132561899089593 0.0 16.722632639355272 6.926642363175056 9.577809427212667 59
600 0.1 19.998303791027055 0.0 19.998303791027055 6.926642363175056 9.653721968410617 60
610 0.1 14.00487272116273 0.0 19.998303791027055 6.926642363175056 9.823305276978099 61
620 0.1 14.10708291372944 0.0 19.998303791027055 6.926642363175056 9.890749913174625 62
630 0.1 12.509382036527395 0.0 19.998303791027055 6.926642363175056 9.957675833818353 63
640 0.1 16.730163988736127 0.0 19.998303791027055 6.926642363175056 9.997546243235682 64
650 0.1 11.352798460637496 0.0 19.998303791027055 6.926642363175056 10.101124977781842 65
660 0.1 10.743457242873813 0.0 19.998303791027055 6.926642363175056 10.120089727522078 66
670 0.1 9.068115336397826 0.0 19.998303791027055 6.926642363175056 10.129393720288522 67
680 0.1 9.382036527395547 0.0 19.998303791027055 6.926642363175056 10.113786685231306 68
690 0.1 11.635666027191592 0.0 19.998303791027055 6.926642363175056 10.103181610480064 69
700 0.1 8.61060023407457 0.0 19.998303791027055 6.926642363175056 10.125074245004514 70
710 0.1 9.131924137354833 0.0 19.998303791027055 6.926642363175056 10.103743625132262 71
720 0.1 9.593047547422078 0.0 19.998303791027055 6.926642363175056 10.090246132246465 72
730 0.1 9.481381860973356 0.0 19.998303791027055 6.926642363175056 10.083435192728322 73
740 0.1 11.82031119290614 0.0 19.998303791027055 6.926642363175056 10.075299336893796 74
750 0.1 13.095835423983942 0.0 19.998303791027055 6.926642363175056 10.098566161640628 75
760 0.1 10.112829084830755 0.0 19.998303791027055 6.926642363175056 10.138003915092511 76
770 0.1 10.861796725671072 0.0 19.998303791027055 6.926642363175056 10.137676969244957 77
780 0.1 11.192857733322311 0.0 19.998303791027055 6.926642363175056 10.146960555865805 78
790 0.1 11.282008646491521 0.0 19.998303791027055 6.926642363175056 10.160199760643735 79
800 0.1 10.224147987667696 0.0 19.998303791027055 6.926642363175056 10.174222371716832 80
810 0.1 11.852838355252207 0.0 19.998303791027055 6.926642363175056 10.174838737345855 81
820 0.1 10.513036164844406 0.0 19.998303791027055 6.926642363175056 10.195302147320323 82
830 0.1 10.191564442950765 0.0 19.998303791027055 6.926642363175056 10.199130268013384 83
840 0.1 9.588116137744768 0.0 19.998303791027055 6.926642363175056 10.1990401986674 84
850 0.1 8.892631578947368 0.0 19.998303791027055 6.926642363175056 10.191852856774194 85
860 0.1 8.38623454727698 0.0 19.998303791027055 6.926642363175056 10.176745632613416 86
870 0.1 8.593619508936028 0.0 19.998303791027055 6.926642363175056 10.156165045425642 87
875 0.1 7.987967914438503 0.0 19.998303791027055 6.926642363175056 10.13840884614735 88
