0 0.2 2
10 0.2 4
20 0.3 7
30 0.2 9
40 0.2 11
50 0.2 13
60 0.1 14
70 0.3 17
80 0.2 19
90 0.1 20
100 0.3 23
110 0.1 24
120 0.5 29
130 0.1 30
140 0.3 33
150 0.1 34
160 0.1 35
170 0.3 38
180 0 38
190 0 38
200 0.2 40
210 0.2 42
220 0.2 44
230 0.1 45
240 0.1 46
250 0 46
260 0.2 48
270 0 48
280 0.3 51
290 0.1 52
300 0.2 54
310 0.1 55
320 0.2 57
330 0.2 59
340 0.5 64
350 0.5 69
360 0.4 73
370 0.1 74
380 0.3 77
390 0.1 78
400 0.3 81
410 0 81
420 0.2 83
430 0.3 86
440 0.1 87
450 0.2 89
460 0.2 91
470 0.1 92
480 0.3 95
490 0.1 96
500 0.3 99
510 0.1 100
520 0.2 102
530 0.2 104
540 0.3 107
550 0 107
560 0.3 110
570 0.2 112
580 0.2 114
590 0.4 118
600 0.4 122
610 0.4 126
620 0.3 129
630 0.1 130
640 0.1 131
650 0.2 133
660 0.1 134
670 0.2 136
680 0.3 139
690 0 139
700 0.3 142
710 0.2 144
720 0.4 148
730 0.1 149
740 0.3 152
750 0.5 157
760 0.3 160
770 0 160
780 0.1 161
790 0.3 164
800 0.3 167
810 0.2 169
820 0.3 172
830 0.3 175
840 0.1 176
850 0.2 178
860 0 178
870 0.1 179
875 0.1 180
