0 0.1 12780.5546875 0 12780.5546875 12780.5546875 0 0
10 0.1 12745.19921875 0.0 12780.5546875 12745.19921875 12780.5546875 1
20 0.1 12777.39453125 0.0 12780.5546875 12745.19921875 12762.876953125 2
30 0.1 12753.16796875 0.0 12780.5546875 12745.19921875 12767.716145833334 3
40 0.1 12744.703125 0.0 12780.5546875 12744.703125 12764.0791015625 4
50 0.1 12777.1484375 0.0 12780.5546875 12744.703125 12760.20390625 5
60 0.1 12776.48046875 0.0 12780.5546875 12744.703125 12763.027994791666 6
70 0.1 12765.01171875 0.0 12780.5546875 12744.703125 12764.949776785714 7
80 0.1 12774.34375 0.0 12780.5546875 12744.703125 12764.95751953125 8
90 0.1 12782.953125 0.0 12782.953125 12744.703125 12766.000434027777 9
100 0.1 12781.74609375 0.0 12782.953125 12744.703125 12767.695703125 10
110 0.1 12790.61328125 0.0 12790.61328125 12744.703125 12768.973011363636 11
120 0.1 12785.2265625 0.0 12790.61328125 12744.703125 12770.7763671875 12
130 0.1 12782.125 0.0 12790.61328125 12744.703125 12771.887920673076 13
140 0.1 12791.39453125 0.0 12791.39453125 12744.703125 12772.619140625 14
150 0.1 12786.67578125 0.0 12791.39453125 12744.703125 12773.870833333332 15
160 0.1 12790.55859375 0.0 12791.39453125 12744.703125 12774.671142578125 16
170 0.1 12783.7109375 0.0 12791.39453125 12744.703125 12775.605698529413 17
180 0.1 12792.42578125 0.0 12792.42578125 12744.703125 12776.055989583334 18
190 0.1 12798.83984375 0.0 12798.83984375 12744.703125 12776.91755756579 19
200 0.1 12797.46484375 0.0 12798.83984375 12744.703125 12778.013671875 20
210 0.1 12764.734375 0.0 12798.83984375 12744.703125 12778.939918154761 21
220 0.1 12765.58203125 0.0 12798.83984375 12744.703125 12778.294211647728 22
230 0.1 12792.1953125 0.0 12798.83984375 12744.703125 12777.741508152174 23
240 0.1 12798.7890625 0.0 12798.83984375 12744.703125 12778.34375 24
250 0.1 12803.3203125 0.0 12803.3203125 12744.703125 12779.1615625 25
260 0.1 12801.68359375 0.0 12803.3203125 12744.703125 12780.090745192309 26
270 0.1 12791.99609375 0.0 12803.3203125 12744.703125 12780.890480324075 27
280 0.1 12797.86328125 0.0 12803.3203125 12744.703125 12781.287109375 28
290 0.1 12784.9296875 0.0 12803.3203125 12744.703125 12781.858701508621 29
300 0.1 12750.41015625 0.0 12803.3203125 12744.703125 12781.961067708333 30
310 0.1 12772.296875 0.0 12803.3203125 12744.703125 12780.943296370968 31
320 0.1 12774.67578125 0.0 12803.3203125 12744.703125 12780.673095703125 32
330 0.1 12787.94921875 0.0 12803.3203125 12744.703125 12780.491358901516 33
340 0.1 12790.09765625 0.0 12803.3203125 12744.703125 12780.710707720587 34
350 0.1 12790.48828125 0.0 12803.3203125 12744.703125 12780.97890625 35
360 0.1 12790.58984375 0.0 12803.3203125 12744.703125 12781.243055555555 36
370 0.1 12756.00390625 0.0 12803.3203125 12744.703125 12781.495671452703 37
380 0.1 12693.09765625 0.0 12803.3203125 12693.09765625 12780.824835526315 38
390 0.1 12588.75390625 0.0 12803.3203125 12588.75390625 12778.575420673076 39
400 0.1 12612.17578125 0.0 12803.3203125 12588.75390625 12773.8298828125 40
410 0.1 12581.109375 0.0 12803.3203125 12581.109375 12769.887099847561 41
420 0.1 12570.25390625 0.0 12803.3203125 12570.25390625 12765.392392113095 42
430 0.1 12561.84765625 0.0 12803.3203125 12561.84765625 12760.854287790698 43
440 0.1 12556.90625 0.0 12803.3203125 12556.90625 12756.331409801136 44
450 0.1 12536.87890625 0.0 12803.3203125 12536.87890625 12751.899739583334 45
460 0.1 12535.32421875 0.0 12803.3203125 12535.32421875 12747.225373641304 46
470 0.1 12538.484375 0.0 12803.3203125 12535.32421875 12742.716838430852 47
480 0.1 12532.453125 0.0 12803.3203125 12532.453125 12738.461995442709 48
490 0.1 12564.578125 0.0 12803.3203125 12532.453125 12734.257732780612 49
500 0.1 12496.0703125 0.0 12803.3203125 12496.0703125 12730.864140625 50
510 0.1 12736.95703125 0.0 12803.3203125 12496.0703125 12726.26034007353 51
520 0.1 12721.80859375 0.0 12803.3203125 12496.0703125 12726.466045673076 52
530 0.1 12711.83984375 0.0 12803.3203125 12496.0703125 12726.378169221698 53
540 0.1 12755.35546875 0.0 12803.3203125 12496.0703125 12726.108940972223 54
550 0.1 12708.72265625 0.0 12803.3203125 12496.0703125 12726.640696022727 55
560 0.1 12721.828125 0.0 12803.3203125 12496.0703125 12726.320731026786 56
570 0.1 12694.72265625 0.0 12803.3203125 12496.0703125 12726.241913377193 57
580 0.1 12653.48046875 0.0 12803.3203125 12496.0703125 12725.698477909482 58
590 0.1 12631.8203125 0.0 12803.3203125 12496.0703125 12724.474443855932 59
600 0.1 12626.73046875 0.0 12803.3203125 12496.0703125 12722.930208333333 60
610 0.1 12617.08203125 0.0 12803.3203125 12496.0703125 12721.35316342213 61
620 0.1 12626.125 0.0 12803.3203125 12496.0703125 12719.671370967742 62
630 0.1 12623.65625 0.0 12803.3203125 12496.0703125 12718.186507936507 63
640 0.1 12616.99609375 0.0 12803.3203125 12496.0703125 12716.70947265625 64
650 0.1 12621.2734375 0.0 12803.3203125 12496.0703125 12715.175420673077 65
660 0.1 12633.94921875 0.0 12803.3203125 12496.0703125 12713.752663352272 66
670 0.1 12630.921875 0.0 12803.3203125 12496.0703125 12712.561567164179 67
680 0.1 12636.33203125 0.0 12803.3203125 12496.0703125 12711.360983455883 68
690 0.1 12632.41015625 0.0 12803.3203125 12496.0703125 12710.273607336956 69
700 0.1 12636.59375 0.0 12803.3203125 12496.0703125 12709.16127232143 70
710 0.1 12632.25390625 0.0 12803.3203125 12496.0703125 12708.139194542253 71
720 0.1 12651.15234375 0.0 12803.3203125 12496.0703125 12707.085232204861 72
730 0.1 12650.3359375 0.0 12803.3203125 12496.0703125 12706.319028253425 73
740 0.1 12472.1328125 0.0 12803.3203125 12472.1328125 12705.5625 74
750 0.1 12351.953125 0.0 12803.3203125 12351.953125 12702.450104166666 75
760 0.1 12411.78515625 0.0 12803.3203125 12351.953125 12697.83830180921 76
770 0.1 12405.046875 0.0 12803.3203125 12351.953125 12694.123325892857 77
780 0.1 12400.03125 0.0 12803.3203125 12351.953125 12690.417217548076 78
790 0.1 12394.453125 0.0 12803.3203125 12351.953125 12686.741445806962 79
800 0.1 12402.40625 0.0 12803.3203125 12351.953125 12683.087841796874 80
810 0.1 12290.12890625 0.0 12803.3203125 12290.12890625 12679.622636959877 81
820 0.1 12358.3203125 0.0 12803.3203125 12290.12890625 12674.872713414634 82
830 0.1 12239.61328125 0.0 12803.3203125 12239.61328125 12671.058829066265 83
840 0.1 12277.64453125 0.0 12803.3203125 12239.61328125 12665.922572544643 84
850 0.1 12294.2421875 0.0 12803.3203125 12239.61328125 12661.354595588235 85
860 0.1 12295.73828125 0.0 12803.3203125 12239.61328125 12657.085846656977 86
870 0.1 12298.984375 0.0 12803.3203125 12239.61328125 12652.932426364943 87
875 0.1 12299.17578125 0.0 12803.3203125 12239.61328125 12648.910289417614 88
