0 0.1 0.73046875 0 0.73046875 0.73046875 0 0
10 0.1 1.01171875 0.0 1.01171875 0.73046875 0.73046875 1
20 0.1 0.9296875 0.0 1.01171875 0.73046875 0.87109375 2
30 0.1 0.859375 0.0 1.01171875 0.73046875 0.890625 3
40 0.1 0.87109375 0.0 1.01171875 0.73046875 0.8828125 4
50 0.1 0.8203125 0.0 1.01171875 0.73046875 0.88046875 5
60 0.1 0.69140625 0.0 1.01171875 0.69140625 0.8704427083333334 6
70 0.1 0.671875 0.0 1.01171875 0.671875 0.8448660714285714 7
80 0.1 0.55859375 0.0 1.01171875 0.55859375 0.8232421875 8
90 0.1 0.48046875 0.0 1.01171875 0.48046875 0.7938368055555556 9
100 0.1 0.3984375 0.0 1.01171875 0.3984375 0.7625 10
110 0.1 0.421875 0.0 1.01171875 0.3984375 0.7294034090909091 11
120 0.1 0.359375 0.0 1.01171875 0.359375 0.7037760416666666 12
130 0.1 0.37109375 0.0 1.01171875 0.359375 0.6772836538461539 13
140 0.1 0.390625 0.0 1.01171875 0.359375 0.6554129464285714 14
150 0.1 0.328125 0.0 1.01171875 0.328125 0.6377604166666667 15
160 0.1 0.359375 0.0 1.01171875 0.328125 0.618408203125 16
170 0.1 0.30078125 0.0 1.01171875 0.30078125 0.6031709558823529 17
180 0.1 0.8515625 0.0 1.01171875 0.30078125 0.5863715277777778 18
190 0.1 0.71875 0.0 1.01171875 0.30078125 0.600328947368421 19
200 0.1 0.9296875 0.0 1.01171875 0.30078125 0.60625 20
210 0.1 0.859375 0.0 1.01171875 0.30078125 0.6216517857142857 21
220 0.1 0.73046875 0.0 1.01171875 0.30078125 0.6324573863636364 22
230 0.1 0.609375 0.0 1.01171875 0.30078125 0.63671875 23
240 0.1 0.58984375 0.0 1.01171875 0.30078125 0.6355794270833334 24
250 0.1 0.5 0.0 1.01171875 0.30078125 0.63375 25
260 0.1 0.578125 0.0 1.01171875 0.30078125 0.6286057692307693 26
270 0.1 0.48828125 0.0 1.01171875 0.30078125 0.6267361111111112 27
280 0.1 0.421875 0.0 1.01171875 0.30078125 0.6217912946428571 28
290 0.1 0.4296875 0.0 1.01171875 0.30078125 0.6148976293103449 29
300 0.1 0.87890625 0.0 1.01171875 0.30078125 0.6087239583333334 30
310 0.1 0.828125 0.0 1.01171875 0.30078125 0.6174395161290323 31
320 0.1 0.69921875 0.0 1.01171875 0.30078125 0.6240234375 32
330 0.1 0.91015625 0.0 1.01171875 0.30078125 0.6263020833333334 33
340 0.1 0.83984375 0.0 1.01171875 0.30078125 0.6346507352941176 34
350 0.1 0.7109375 0.0 1.01171875 0.30078125 0.6405133928571428 35
360 0.1 0.6796875 0.0 1.01171875 0.30078125 0.6424696180555556 36
370 0.1 0.6484375 0.0 1.01171875 0.30078125 0.6434755067567568 37
380 0.1 0.55078125 0.0 1.01171875 0.30078125 0.6436060855263158 38
390 0.1 0.69140625 0.0 1.01171875 0.30078125 0.6412259615384616 39
400 0.1 0.66015625 0.0 1.01171875 0.30078125 0.64248046875 40
410 0.1 0.640625 0.0 1.01171875 0.30078125 0.6429115853658537 41
420 0.1 0.62109375 0.0 1.01171875 0.30078125 0.6428571428571429 42
430 0.1 0.6015625 0.0 1.01171875 0.30078125 0.6423510174418605 43
440 0.1 0.73828125 0.0 1.01171875 0.30078125 0.6414240056818182 44
450 0.1 1.4296875 0.0 1.4296875 0.30078125 0.643576388888889 45
460 0.1 1.2109375 0.0 1.4296875 0.30078125 0.6606657608695654 46
470 0.1 1.109375 0.0 1.4296875 0.30078125 0.6723736702127661 47
480 0.1 1.078125 0.0 1.4296875 0.30078125 0.6814778645833334 48
490 0.1 1.0 0.0 1.4296875 0.30078125 0.6895727040816326 49
500 0.1 0.921875 0.0 1.4296875 0.30078125 0.69578125 50
510 0.1 1.51953125 0.0 1.51953125 0.30078125 0.7002144607843137 51
520 0.1 1.28125 0.0 1.51953125 0.30078125 0.7159705528846154 52
530 0.1 1.08984375 0.0 1.51953125 0.30078125 0.7266362028301887 53
540 0.1 1.23046875 0.0 1.51953125 0.30078125 0.7333622685185185 54
550 0.1 1.19140625 0.0 1.51953125 0.30078125 0.7424005681818182 55
560 0.1 1.30859375 0.0 1.51953125 0.30078125 0.7504185267857143 56
570 0.1 1.1796875 0.0 1.51953125 0.30078125 0.7602110745614035 57
580 0.1 1.1484375 0.0 1.51953125 0.30078125 0.7674434267241379 58
590 0.1 0.96875 0.0 1.51953125 0.30078125 0.7739009533898306 59
600 0.1 0.98828125 0.0 1.51953125 0.30078125 0.7771484375 60
610 0.1 0.98828125 0.0 1.51953125 0.30078125 0.780609631147541 61
620 0.1 0.921875 0.0 1.51953125 0.30078125 0.7839591733870968 62
630 0.1 1.0 0.0 1.51953125 0.30078125 0.7861483134920635 63
640 0.1 0.83984375 0.0 1.51953125 0.30078125 0.78948974609375 64
650 0.1 0.7890625 0.0 1.51953125 0.30078125 0.7902644230769231 65
660 0.1 0.66015625 0.0 1.51953125 0.30078125 0.7902462121212122 66
670 0.1 0.55859375 0.0 1.51953125 0.30078125 0.7883045708955224 67
680 0.1 0.55078125 0.0 1.51953125 0.30078125 0.7849264705882353 68
690 0.1 0.5390625 0.0 1.51953125 0.30078125 0.7815330615942029 69
700 0.1 0.609375 0.0 1.51953125 0.30078125 0.7780691964285714 70
710 0.1 0.51953125 0.0 1.51953125 0.30078125 0.7756932218309859 71
720 0.1 0.44140625 0.0 1.51953125 0.30078125 0.7721354166666666 72
730 0.1 0.609375 0.0 1.51953125 0.30078125 0.7676048801369864 73
740 0.1 0.6015625 0.0 1.51953125 0.30078125 0.7654666385135136 74
750 0.1 0.5 0.0 1.51953125 0.30078125 0.7632812500000001 75
760 0.1 0.5 0.0 1.51953125 0.30078125 0.7598170230263159 76
770 0.1 0.578125 0.0 1.51953125 0.30078125 0.7564427759740262 77
780 0.1 0.640625 0.0 1.51953125 0.30078125 0.7541566506410258 78
790 0.1 0.5390625 0.0 1.51953125 0.30078125 0.7527195411392406 79
800 0.1 0.53125 0.0 1.51953125 0.30078125 0.7500488281250001 80
810 0.1 0.44921875 0.0 1.51953125 0.30078125 0.7473476080246915 81
820 0.1 0.37890625 0.0 1.51953125 0.30078125 0.7437118902439025 82
830 0.1 0.3203125 0.0 1.51953125 0.30078125 0.7393166415662652 83
840 0.1 0.26953125 0.0 1.51953125 0.26953125 0.7343284970238096 84
850 0.1 0.23046875 0.0 1.51953125 0.23046875 0.7288602941176472 85
860 0.1 0.26953125 0.0 1.51953125 0.23046875 0.7230650436046513 86
870 0.1 0.390625 0.0 1.51953125 0.23046875 0.717852011494253 87
875 0.1 0.328125 0.0 1.51953125 0.23046875 0.7141335227272729 88
