0 0.4 114.66175 87.25497069615864 265.038 52.731 0 0
10 0.6 63.91816666666666 9.514212130924044 265.038 52.731 114.66175 4
20 0.5 67.9168 10.58210401385282 265.038 52.731 84.2156 10
30 0.4 66.16725 7.305210071414782 265.038 52.731 78.78266666666666 15
40 0.4 68.57375 9.360707461912266 265.038 52.731 76.1267894736842 19
50 0.4 65.056 10.611220099498452 265.038 52.731 74.81321739130433 23
60 0.3 67.923 9.775191285425912 265.038 52.731 73.3677037037037 27
70 0.5 67.0344 9.95895662406459 265.038 52.456 72.82323333333333 30
80 0.4 61.68025 8.975068338876312 265.038 52.456 71.99625714285715 35
90 0.1 78.982 0.0 265.038 52.456 70.93820512820513 39
100 0.7 64.98314285714285 9.48501277096168 265.038 51.693 71.1393 40
110 0.4 61.7795 7.499978283301889 265.038 51.693 70.2224255319149 47
120 0.8 67.192 11.127187290595948 265.038 51.693 69.56023529411765 51
130 0.2 66.968 7.944000000000003 265.038 51.693 69.2391186440678 59
140 0.5 66.25899999999999 9.404243021104888 265.038 51.693 69.16465573770492 61
150 0.2 65.91 12.747 265.038 51.693 68.9445303030303 66
160 0.3 62.57333333333333 5.731693311947371 265.038 51.693 68.8552794117647 68
170 0.5 67.4864 9.933393369840942 265.038 51.693 68.58984507042253 71
180 0 0 0 265.038 51.693 68.51724999999999 76
190 0.2 56.090500000000006 2.0545000000000027 265.038 51.693 68.51724999999999 76
200 0.3 64.985 9.260637163104203 265.038 51.693 68.19861538461538 78
210 0.4 64.82825 9.987809929484042 265.038 51.693 68.07959259259258 81
220 0.4 62.897999999999996 10.879152287747422 265.038 51.693 67.9265882352941 85
230 0.1 75.081 0.0 265.038 51.693 67.70058426966291 89
240 0.3 65.946 13.725574596351148 265.038 51.693 67.78258888888888 90
250 0 0 0 265.038 51.693 67.7233440860215 93
260 0.3 67.476 11.5413427583911 265.038 51.211 67.7233440860215 93
270 0 0 0 265.038 51.211 67.71561458333333 96
280 0.7 65.93057142857143 7.737602542263387 265.038 51.211 67.71561458333333 96
290 0.2 66.879 11.771000000000003 265.038 51.211 67.59430097087379 103
300 0.3 66.791 7.017615026963693 265.038 51.211 67.5806761904762 105
310 0.4 56.599250000000005 7.0739869018467925 265.038 51.211 67.55874074074075 108
320 0.5 63.454600000000006 10.417515108700346 265.038 51.211 67.16733035714286 112
330 0.4 66.8505 7.410657814931143 265.038 51.211 67.00866666666667 117
340 0.9 66.20633333333333 9.22658717451306 265.038 51.211 67.00343801652893 121
350 0.8 65.55612500000001 10.658629243921332 265.038 50.853 66.94825384615386 130
360 0.9 64.57711111111112 8.992337323700099 265.038 50.853 66.8675507246377 138
370 0.2 62.522499999999994 5.658500000000002 265.038 50.853 66.72731972789116 147
380 0.7 64.95385714285713 7.207701346051845 265.038 50.853 66.67087919463087 149
390 0.1 71.75 0.0 265.038 50.853 66.59383333333332 156
400 0.5 66.3548 6.74923081247041 265.038 50.853 66.62667515923566 157
410 0 0 0 265.038 50.853 66.61828395061727 162
420 0.6 61.96933333333333 9.713548985251935 265.038 50.853 66.61828395061727 162
430 0.4 69.17150000000001 8.127997370201346 265.038 50.853 66.45224999999998 168
440 0.4 57.818749999999994 6.468349610797179 265.038 50.853 66.51548837209299 172
450 0.3 69.028 7.5937991809107 265.038 50.853 66.31783522727268 176
460 0.3 64.64166666666667 4.254532824594914 265.038 50.853 66.36325698324018 179
470 0.2 69.226 9.622 265.038 50.853 66.33487912087907 182
480 0.6 66.27416666666667 9.343801696252381 265.038 50.853 66.36630434782603 184
490 0.2 64.5 10.766000000000004 265.038 50.853 66.36339473684205 190
500 0.6 60.100833333333334 7.594629142068462 265.038 50.853 66.34398437499995 192
510 0.4 61.73375 7.286100204327412 265.038 50.853 66.15479797979793 198
520 0.2 79.4625 11.447500000000002 265.038 50.853 66.06725247524747 202
530 0.7 60.95157142857143 8.889813060177245 265.038 50.853 66.1985784313725 204
540 0.3 69.38799999999999 0.5545502682354415 265.038 50.853 66.02450710900469 211
550 0.1 58.537 0.0 265.038 50.853 66.07165887850462 214
560 0.7 64.28557142857143 10.400590695548335 265.038 50.853 66.03661395348831 215
570 0.3 87.83933333333334 26.992232516452255 265.038 50.853 65.98140090090084 222
580 0.4 65.81375 11.508073565436574 265.038 50.853 66.27283999999995 225
590 0.9 62.52788888888889 9.564229845795731 265.038 50.853 66.26482096069863 229
600 0.6 66.44016666666666 10.459728333257777 265.038 50.853 66.12350840336128 238
610 0.9 66.27544444444443 10.977960963383879 265.038 50.8 66.13129508196715 244
620 0.6 64.56466666666667 9.05802652654294 265.038 50.8 66.13642292490113 253
630 0.1 77.332 0.0 265.038 50.8 66.10001158301152 259
640 0.2 67.471 10.337000000000003 265.038 50.8 66.14321153846147 260
650 0.4 65.92025 9.193742556081284 265.038 50.8 66.15334732824421 262
660 0.4 60.79024999999999 9.155011042456476 265.038 50.8 66.14984210526309 266
670 0.2 69.1575 1.1475000000000044 265.038 50.8 66.07044074074068 270
680 0.7 67.98871428571428 10.281438611321246 265.038 50.8 66.09313970588228 272
690 0 0 0 265.038 50.8 66.14069892473111 279
700 0.6 63.672333333333334 8.17351712680791 265.038 50.8 66.14069892473111 279
710 0.6 63.2285 10.042464733155237 265.038 50.8 66.08873333333325 285
720 0.6 65.32933333333332 7.847222622615521 265.038 50.8 66.02975945017174 291
730 0.3 62.084333333333326 4.494622070380948 265.038 50.8 66.01560942760933 297
740 0.8 62.663375 10.447982208750883 265.038 49.087 65.97629666666658 300
750 0.8 63.42825 9.48945173271354 265.038 49.087 65.89024675324667 308
760 0.4 70.50525 2.0496999018148983 265.038 49.087 65.8279177215189 316
770 0.1 52.45 0.0 265.038 49.087 65.88638437499992 320
780 0.4 58.50425 5.412784744242099 265.038 49.087 65.8445264797507 321
790 0.4 68.55475 7.21707521697675 265.038 49.087 65.75418461538455 325
800 0.7 64.93771428571428 11.310721117775014 265.038 49.087 65.78823404255313 329
810 0.3 64.35633333333334 4.418237984636966 265.038 49.087 65.77051488095232 336
820 0.6 67.5305 8.574115518038388 265.038 49.087 65.75799999999994 339
830 0.7 63.6497142857143 8.586859707288399 265.038 49.087 65.78882608695646 345
840 0.1 75.507 0.0 265.038 49.087 65.74628693181812 352
850 0.3 69.696 9.073845307622708 265.038 49.087 65.77393767705377 353
860 0.1 53.22 0.0 265.038 49.087 65.80698876404489 356
870 0.1 74.435 0.0 265.038 49.087 65.77173109243692 357
875 0.2 69.8685 5.873500000000005 265.038 49.087 65.79593016759772 358
