0 0.2 1483.2365 953.5065 2436.743 529.73 0 0
10 0.2 4571.326 3690.6050000000005 8261.931 529.73 1483.2365 2
20 0.3 4877.714 2980.5673877509744 8961.787 529.73 3027.28125 4
30 0.2 4835.1595 307.60150000000044 8961.787 529.73 3820.323857142857 7
40 0.2 4647.1265 2201.5634999999993 8961.787 529.73 4045.8428888888884 9
50 0.2 5185.412 4920.839 10106.251 264.573 4155.167181818181 11
60 0.1 3354.471 0.0 10106.251 264.573 4313.666384615384 13
70 0.3 5766.947666666667 1016.0202262541603 10106.251 264.573 4245.152428571428 14
80 0.2 2018.6835 1312.3175 10106.251 264.573 4513.704529411763 17
90 0.1 12329.487 0.0 12329.487 264.573 4251.070736842104 19
100 0.3 5231.097000000001 2344.275689058918 12329.487 264.573 4654.991549999999 20
110 0.1 5275.921 0.0 12329.487 264.573 4730.135739130434 23
120 0.5 4509.6831999999995 3968.6709997356747 12329.487 264.573 4752.876791666666 24
130 0.1 414.484 0.0 12329.487 264.573 4710.946862068965 29
140 0.3 6143.894333333333 6199.588006277908 14906.653 264.573 4567.7314333333325 30
150 0.1 1858.196 0.0 14906.653 264.573 4711.018969696968 33
160 0.1 3613.791 0.0 14906.653 264.573 4627.112411764705 34
170 0.3 7885.192999999999 6107.870184103949 16041.33 264.573 4598.160371428571 35
180 0 0 0 16041.33 264.573 4857.662947368421 38
190 0 0 0 16041.33 264.573 4857.662947368421 38
200 0.2 4184.6 3136.987 16041.33 264.573 4857.662947368421 38
210 0.2 7919.5985 7022.1695 16041.33 264.573 4824.0098 40
220 0.2 3981.185 1806.047 16041.33 264.573 4971.418785714285 42
230 0.1 9830.36 0.0 16041.33 264.573 4926.408159090908 44
240 0.1 1684.524 0.0 16041.33 264.573 5035.384866666665 45
250 0 0 0 16041.33 264.573 4962.54006521739 46
260 0.2 10644.923499999999 9919.3185 20564.242 264.573 4962.54006521739 46
270 0 0 0 20564.242 264.573 5199.306041666666 48
280 0.3 2594.639333333333 728.4507139019237 20564.242 264.573 5199.306041666666 48
290 0.1 5961.843 0.0 20564.242 264.573 5046.090352941175 51
300 0.2 3988.6705 3597.2365 20564.242 264.573 5063.700980769229 52
310 0.1 7206.149 0.0 20564.242 264.573 5023.885037037036 54
320 0.2 7337.2785 2136.1145 20564.242 264.573 5063.562563636362 55
330 0.2 7921.728999999999 1092.68 20564.242 264.573 5143.342070175437 57
340 0.5 5754.133199999999 4566.0766708609 20564.242 166.149 5237.5246779661 59
350 0.5 1783.0638 1425.6215582864058 20564.242 166.149 5277.884718749998 64
360 0.4 3313.13475 2442.8448667810826 20564.242 166.149 5024.636826086955 69
370 0.1 9931.619 0.0 20564.242 166.149 4930.855890410957 73
380 0.3 5910.827666666667 6220.765138951014 20564.242 166.149 4998.433770270269 74
390 0.1 6616.107 0.0 20564.242 166.149 5033.981584415583 77
400 0.3 8179.767999999999 9437.004143158603 21455.78 166.149 5054.265243589743 78
410 0 0 0 21455.78 166.149 5170.02460493827 81
420 0.2 1806.778 14.266000000000076 21455.78 166.149 5170.02460493827 81
430 0.3 6628.1089999999995 3655.802697196973 21455.78 166.149 5088.982518072287 83
440 0.1 785.357 0.0 21455.78 166.149 5142.672976744184 86
450 0.2 11697.6705 228.48749999999927 21455.78 166.149 5092.588885057469 87
460 0.2 2210.835 1894.0860000000002 21455.78 166.149 5241.017685393257 89
470 0.1 3294.458 0.0 21455.78 166.149 5174.420263736262 91
480 0.3 2806.2583333333337 1319.57673223761 21455.78 166.149 5153.985891304346 92
490 0.1 5451.406 0.0 21455.78 166.149 5079.847126315788 95
500 0.3 3682.4250000000006 2895.5283722075087 21455.78 166.149 5083.7175312499985 96
510 0.1 447.784 0.0 21455.78 166.149 5041.25412121212 99
520 0.2 5692.367 562.1090000000002 21455.78 166.149 4995.319419999998 100
530 0.2 622.156 305.88 21455.78 166.149 5008.987019607841 102
540 0.3 6088.865999999999 2914.567895174286 21455.78 166.149 4924.624884615382 104
550 0 0 0 21455.78 166.149 4957.2671588785015 107
560 0.3 4570.824666666666 3249.035550636561 21455.78 166.149 4957.2671588785015 107
570 0.2 11371.314 6459.0830000000005 21455.78 166.149 4946.727818181816 110
580 0.2 4209.15 3339.5599999999995 21455.78 166.149 5061.452571428569 112
590 0.4 2642.565 1252.8185161580666 21455.78 166.149 5046.49989473684 114
600 0.4 2349.68725 1105.6332580651178 21455.78 166.149 4965.010576271185 118
610 0.4 4274.98725 5878.574073579679 21455.78 166.149 4879.262270491801 122
620 0.3 5245.712333333334 4928.53704701306 21455.78 166.149 4860.0789365079345 126
630 0.1 8595.743 0.0 21455.78 166.149 4869.047155038757 129
640 0.1 2105.954 0.0 21455.78 166.149 4897.714046153845 130
650 0.2 1270.0255 227.37650000000008 21455.78 166.149 4876.402900763357 131
660 0.1 1423.334 0.0 21455.78 166.149 4822.1716616541335 133
670 0.2 5320.1145 1547.5955000000004 21455.78 166.149 4796.807201492536 134
680 0.3 1238.1466666666668 550.9067563089864 21455.78 166.149 4804.502897058823 136
690 0 0 0 21455.78 166.149 4727.531179856113 139
700 0.3 10079.392666666668 8241.553761801892 21654.309 166.149 4727.531179856113 139
710 0.2 934.169 775.958 21654.309 158.211 4840.598676056336 142
720 0.4 5631.7605 4420.15397016091 21654.309 158.211 4786.342708333332 144
730 0.1 3016.04 0.0 21654.309 158.211 4809.191837837836 148
740 0.3 3945.563666666667 2506.47084080244 21654.309 158.211 4797.157261744965 149
750 0.5 6775.8204 7772.817144235997 22033.576 158.211 4780.34949342105 152
760 0.3 8238.675000000001 3289.4756532810316 22033.576 158.211 4843.899522292992 157
770 0 0 0 22033.576 158.211 4907.551562499998 160
780 0.1 3173.35 0.0 22033.576 158.211 4907.551562499998 160
790 0.3 3087.576333333333 1263.5941603506333 22033.576 158.211 4896.7801242236 161
800 0.3 9769.809333333333 5142.8354203924855 22033.576 158.211 4863.684932926827 164
810 0.2 2824.2110000000002 1389.9630000000002 22033.576 158.211 4951.818904191615 167
820 0.3 8673.683333333332 9656.727944999464 22299.284 158.211 4926.640112426034 169
830 0.3 6432.834666666667 3013.347789126056 22299.284 158.211 4991.995517441858 172
840 0.1 3055.197 0.0 22299.284 158.211 5016.695617142855 175
850 0.2 6554.7945 6092.7585 22299.284 158.211 5005.5507386363615 176
860 0 0 0 22299.284 158.211 5022.95797191011 178
870 0.1 7121.968 0.0 22299.284 158.211 5022.95797191011 178
875 0.1 3686.328 0.0 22299.284 158.211 5034.6842849161985 179
