0 2.4953125 2.4953125
10 4.396875 6.8921875
20 2.7921875 9.684375
30 2.4953125 12.1796875
40 2.4953125 14.675
50 2.4953125 17.1703125
60 2.1984375 19.36875
70 2.7921875 22.1609375
80 2.4953125 24.65625
90 0.296875 24.953125
100 4.69375 29.646875
110 3.14921875 32.79609375
120 4.33671875 37.1328125
130 1.24765625 38.38046875
140 2.7921875 41.17265625
150 1.24765625 42.4203125
160 2.1984375 44.61875
170 2.7921875 47.4109375
180 0 47.4109375
190 1.9015625 49.3125
200 1.54453125 50.85703125
210 2.4953125 53.35234375
220 2.4953125 55.84765625
230 0.296875 56.14453125
240 2.1984375 58.34296875
250 0 58.34296875
260 1.54453125 59.8875
270 0 59.8875
280 4.69375 64.58125
290 1.24765625 65.82890625
300 1.54453125 67.3734375
310 3.14921875 70.52265625
320 3.44609375 73.96875
330 2.4953125 76.4640625
340 5.2875 81.7515625
350 4.33671875 86.08828125
360 5.94140625 92.0296875
370 1.24765625 93.27734375
380 4.69375 97.97109375
390 0.296875 98.26796875
400 2.7921875 101.06015625
410 0 101.06015625
420 4.396875 105.45703125
430 1.84140625 107.2984375
440 3.14921875 110.44765625
450 1.54453125 111.9921875
460 1.54453125 113.53671875
470 1.24765625 114.784375
480 3.74296875 118.52734375
490 1.24765625 119.775
500 3.74296875 123.51796875
510 3.14921875 126.6671875
520 0.59375 127.2609375
530 5.34765625 132.60859375
540 0.890625 133.49921875
550 0.95078125 134.45
560 4.69375 139.14375
570 1.54453125 140.68828125
580 2.4953125 143.18359375
590 5.94140625 149.125
600 3.74296875 152.86796875
610 5.2875 158.15546875
620 3.74296875 161.8984375
630 0.296875 162.1953125
640 1.24765625 163.44296875
650 2.4953125 165.93828125
660 3.14921875 169.0875
670 0.59375 169.68125
680 4.69375 174.375
690 0 174.375
700 3.74296875 178.11796875
710 4.396875 182.51484375
720 3.0890625 185.60390625
730 2.1984375 187.80234375
740 5.64453125 193.446875
750 4.990625 198.4375
760 1.1875 199.625
770 0.95078125 200.57578125
780 3.14921875 203.725
790 1.84140625 205.56640625
800 4.69375 210.26015625
810 2.1984375 212.45859375
820 3.0890625 215.54765625
830 4.69375 220.24140625
840 0.296875 220.53828125
850 1.54453125 222.0828125
860 0.95078125 223.03359375
870 0.296875 223.33046875
875 1.24765625 224.578125
