0 1.0203125 1.0203125
10 1.475 2.4953125
20 1.303125 3.7984375
30 1.0203125 4.81875
40 1.0328125 5.8515625
50 1.0265625 6.878125
60 0.74375 7.621875
70 1.303125 8.925
80 1.0265625 9.9515625
90 0.2890625 10.240625
100 1.7640625 12.0046875
110 0.97109375 12.97578125
120 2.11484375 15.090625
130 0.51015625 15.60078125
140 1.309375 16.91015625
150 0.7375 17.64765625
160 0.51015625 18.1578125
170 1.328125 19.4859375
180 0 19.4859375
190 0.4671875 19.953125
200 0.79921875 20.75234375
210 1.0265625 21.77890625
220 1.0203125 22.79921875
230 0.2828125 23.08203125
240 0.7375 23.81953125
250 0 23.81953125
260 0.79296875 24.6125
270 0 24.6125
280 1.7578125 26.3703125
290 0.51015625 26.88046875
300 0.80546875 27.6859375
310 0.96484375 28.65078125
320 1.25390625 29.9046875
330 1.0265625 30.93125
340 2.3359375 33.2671875
350 2.10859375 35.37578125
360 2.26796875 37.64375
370 0.51015625 38.15390625
380 1.7578125 39.91171875
390 0.2828125 40.19453125
400 1.328125 41.52265625
410 0 41.52265625
420 1.48125 43.00390625
430 1.08203125 44.0859375
440 0.97734375 45.06328125
450 0.79296875 45.85625
460 0.79296875 46.64921875
470 0.51015625 47.159375
480 1.53046875 48.68984375
490 0.51015625 49.2
500 1.55546875 50.75546875
510 0.97109375 51.7265625
520 0.571875 52.2984375
530 1.70234375 54.00078125
540 0.8484375 54.84921875
550 0.22734375 55.0765625
560 1.7640625 56.840625
570 0.80546875 57.64609375
580 1.0265625 58.67265625
590 2.26796875 60.940625
600 1.53671875 62.47734375
610 2.3296875 64.80703125
620 1.53046875 66.3375
630 0.2828125 66.6203125
640 0.51015625 67.13046875
650 1.0203125 68.15078125
660 0.97734375 69.128125
670 0.565625 69.69375
680 1.7578125 71.4515625
690 0 71.4515625
700 1.54296875 72.99453125
710 1.48125 74.47578125
720 1.5921875 76.06796875
730 0.75 76.81796875
740 2.01015625 78.828125
750 2.046875 80.875
760 1.1375 82.0125
770 0.23359375 82.24609375
780 0.98359375 83.2296875
790 1.08203125 84.31171875
800 1.7765625 86.08828125
810 0.74375 86.83203125
820 1.5921875 88.42421875
830 1.7578125 90.18203125
840 0.2828125 90.46484375
850 0.79296875 91.2578125
860 0.22734375 91.48515625
870 0.2828125 91.76796875
875 0.52265625 92.290625
