0 0.2 171.656 93.94200000000001 265.598 77.714 0 0
10 0.2 77.35300000000001 0.3249999999999993 265.598 77.028 171.656 2
20 0.3 76.24933333333333 5.0974192380938135 265.598 70.215 124.50450000000001 4
30 0.2 73.5025 3.108500000000003 265.598 70.215 103.8237142857143 7
40 0.2 78.1665 0.4484999999999957 265.598 70.215 97.08566666666667 9
50 0.2 75.819 3.328000000000003 265.598 70.215 93.64581818181819 11
60 0.1 82.278 0.0 265.598 70.215 90.90323076923076 13
70 0.3 74.93766666666666 3.7506014925016364 265.598 69.683 90.28714285714285 14
80 0.2 71.07300000000001 0.8530000000000051 265.598 69.683 87.57841176470589 17
90 0.1 79.356 0.0 265.598 69.683 85.84100000000001 19
100 0.3 75.71566666666666 2.604452640298069 265.598 69.683 85.51675000000002 20
110 0.1 74.882 0.0 265.598 69.683 84.23834782608697 23
120 0.5 76.01899999999999 2.814930905013483 265.598 69.683 83.84850000000002 24
130 0.1 75.375 0.0 265.598 69.683 82.49858620689656 29
140 0.3 73.51233333333333 5.068095916833283 265.598 69.159 82.26113333333335 30
150 0.1 79.113 0.0 265.598 69.159 81.46578787878788 33
160 0.1 70.676 0.0 265.598 69.159 81.39658823529412 34
170 0.3 75.40366666666665 4.385155970873658 265.598 69.159 81.09028571428571 35
180 0 0 0 265.598 69.159 80.64134210526315 38
190 0 0 0 265.598 69.159 80.64134210526315 38
200 0.2 71.4185 4.098500000000001 265.598 67.32 80.64134210526315 38
210 0.2 75.0775 0.32550000000000523 265.598 67.32 80.18019999999999 40
220 0.2 74.06899999999999 2.978000000000005 265.598 67.32 79.93721428571428 42
230 0.1 75.389 0.0 265.598 67.32 79.67047727272725 44
240 0.1 85.387 0.0 265.598 67.32 79.57533333333332 45
250 0 0 0 265.598 67.32 79.70167391304346 46
260 0.2 75.902 1.2920000000000016 265.598 67.32 79.70167391304346 46
270 0 0 0 265.598 67.32 79.54335416666665 48
280 0.3 74.51333333333334 2.962960268980252 265.598 67.32 79.54335416666665 48
290 0.1 78.896 0.0 265.598 67.32 79.24747058823527 51
300 0.2 72.042 1.733000000000004 265.598 67.32 79.24071153846151 52
310 0.1 69.121 0.0 265.598 67.32 78.97409259259257 54
320 0.2 76.1875 0.11050000000000182 265.598 67.32 78.79494545454543 55
330 0.2 74.63 0.6820000000000022 265.598 67.32 78.70345614035085 57
340 0.5 74.25280000000001 3.8643998447365684 265.598 67.32 78.56537288135591 59
350 0.5 73.90279999999998 3.9178686246478427 265.598 67.32 78.22845312499999 64
360 0.4 74.304 2.4321571700858486 265.598 67.32 77.91499999999999 69
370 0.1 68.488 0.0 265.598 67.32 77.71713698630137 73
380 0.3 73.203 2.2863232492366454 265.598 67.32 77.59241891891892 74
390 0.1 72.026 0.0 265.598 67.32 77.4214025974026 77
400 0.3 71.96966666666667 2.963692441682993 265.598 67.32 77.35223076923077 78
410 0 0 0 265.598 67.32 77.15287654320987 81
420 0.2 74.1685 0.7944999999999993 265.598 67.32 77.15287654320987 81
430 0.3 74.04766666666667 2.002895626059653 265.598 67.32 77.08096385542167 83
440 0.1 69.196 0.0 265.598 67.32 76.97515116279068 86
450 0.2 74.686 0.5219999999999949 265.598 67.32 76.8857356321839 87
460 0.2 68.1625 0.49350000000000804 265.598 67.32 76.83630337078651 89
470 0.1 79.334 0.0 265.598 67.32 76.64567032967032 91
480 0.3 75.252 3.3060756192198646 265.598 67.32 76.67489130434782 92
490 0.1 75.565 0.0 265.598 67.32 76.62995789473685 95
500 0.3 68.01666666666667 0.6277203906907063 265.598 67.134 76.61886458333333 96
510 0.1 72.598 0.0 265.598 67.134 76.35819191919192 99
520 0.2 79.791 11.522999999999996 265.598 67.134 76.32059 100
530 0.2 74.5925 0.38850000000000406 265.598 67.134 76.38863725490195 102
540 0.3 69.75966666666666 0.5070465681002371 265.598 67.134 76.35409615384614 104
550 0 0 0 265.598 67.134 76.16920560747663 107
560 0.3 76.46466666666667 0.9117095053920544 265.598 67.134 76.16920560747663 107
570 0.2 102.5915 21.715499999999995 265.598 67.134 76.17726363636362 110
580 0.2 77.61099999999999 0.9390000000000036 265.598 67.134 76.6489464285714 112
590 0.4 73.0335 3.4098947564404387 265.598 67.134 76.66582456140348 114
600 0.3 76.29466666666667 5.423435954775866 265.598 67.134 76.54269491525422 118
610 0.5 75.71220000000001 4.897855914581397 265.598 67.134 76.53654545454543 121
620 0.3 73.704 2.358705718538597 265.598 67.134 76.5038333333333 126
630 0.1 77.665 0.0 265.598 67.134 76.43872093023252 129
640 0.1 77.984 0.0 265.598 67.134 76.44815384615382 130
650 0.2 75.4605 1.0854999999999997 265.598 67.134 76.45987786259539 131
660 0.1 76.2 0.0 265.598 67.134 76.44484962406013 133
670 0.2 69.55799999999999 1.0860000000000092 265.598 67.134 76.44302238805969 134
680 0.3 78.69 7.562833111120904 265.598 67.134 76.34177205882351 136
690 0 0 0 265.598 67.134 76.39245323741005 139
700 0.3 70.949 3.145960266754809 265.598 67.134 76.39245323741005 139
710 0.2 76.55000000000001 5.441999999999997 265.598 67.134 76.27745070422533 142
720 0.4 70.968 2.771908277703284 265.598 67.068 76.2812361111111 144
730 0.1 68.893 0.0 265.598 67.068 76.13763513513511 148
740 0.3 75.462 3.2756728570885496 265.598 67.068 76.08901342281877 149
750 0.4 72.6405 3.4169562844730685 265.598 67.068 76.0766381578947 152
760 0.4 70.8175 2.1126202332648423 265.598 67.068 75.98853205128202 156
770 0 0 0 265.598 67.068 75.85925624999997 160
780 0.1 66.617 0.0 265.598 66.617 75.85925624999997 160
790 0.3 72.77166666666666 3.525975073964959 265.598 66.617 75.801850931677 161
800 0.3 78.00066666666667 2.578910665808765 265.598 66.617 75.7464207317073 164
810 0.1 70.987 0.0 265.598 66.617 75.78691616766466 167
820 0.4 73.90125 1.7927754146852883 265.598 66.617 75.75834523809522 168
830 0.3 72.74033333333334 3.44314781688049 265.598 66.617 75.71515697674417 172
840 0.1 75.987 0.0 265.598 66.617 75.66415999999998 175
850 0.2 75.711 5.334000000000003 265.598 66.617 75.6659943181818 176
860 0 0 0 265.598 66.617 75.66649999999998 178
870 0.1 74.852 0.0 265.598 66.617 75.66649999999998 178
875 0.1 76.175 0.0 265.598 66.617 75.66194972067038 179
