0 0.2 1308.1715 1046.7455 2354.917 261.426 0 0
10 0.2 4491.3035 3690.9085000000005 8182.212 261.426 1308.1715 2
20 0.3 4798.856666666667 2975.551279018879 8876.434 261.426 2899.7375 4
30 0.2 4759.0825 304.5435 8876.434 261.426 3713.6457142857143 7
40 0.2 4566.7315 2201.3545000000004 8876.434 261.426 3945.9649999999997 9
50 0.2 5106.9765 4917.462500000001 10024.439 189.514 4058.8316363636363 11
60 0.1 3269.646 0.0 10024.439 189.514 4220.084692307692 13
70 0.3 5689.437666666668 1012.249230938157 10024.439 189.514 4152.196214285715 14
80 0.2 1945.0375 1311.3825 10024.439 189.514 4423.474117647059 17
90 0.1 12247.533 0.0 12247.533 189.514 4162.586052631578 19
100 0.3 5152.850333333333 2343.026179320572 12247.533 189.514 4566.833399999999 20
110 0.1 5198.521 0.0 12247.533 189.514 4643.270391304347 23
120 0.5 4431.1178 3966.324055544347 12247.533 189.514 4666.405833333332 24
130 0.1 336.579 0.0 12247.533 189.514 4625.838931034482 29
140 0.3 6068.068666666666 6194.447884170702 14823.535 189.514 4482.863599999999 30
150 0.1 1776.574 0.0 14823.535 189.514 4626.973151515151 33
160 0.1 3540.537 0.0 14823.535 189.514 4543.13788235294 34
170 0.3 7807.177666666667 6112.112160664829 15969.573 189.514 4514.492142857142 35
180 0 0 0 15969.573 189.514 4774.440999999999 38
190 0 0 0 15969.573 189.514 4774.440999999999 38
200 0.2 4110.8865 3132.6665 15969.573 189.514 4774.440999999999 38
210 0.2 7841.986 7022.4800000000005 15969.573 189.514 4741.263274999999 40
220 0.2 3904.5999999999995 1809.0049999999999 15969.573 189.514 4888.916738095238 42
230 0.1 9752.152 0.0 15969.573 189.514 4844.175068181818 44
240 0.1 1596.51 0.0 15969.573 189.514 4953.241222222222 45
250 0 0 0 15969.573 189.514 4880.268804347826 46
260 0.2 10566.774 9917.762 20484.536 189.514 4880.268804347826 46
270 0 0 0 20484.536 189.514 5117.206520833333 48
280 0.3 2517.9706666666666 731.4333584669367 20484.536 189.514 5117.206520833333 48
290 0.1 5880.9 0.0 20484.536 189.514 4964.310294117648 51
300 0.2 3914.1020000000003 3595.6010000000006 20484.536 189.514 4981.93701923077 52
310 0.1 7134.534 0.0 20484.536 189.514 4942.387574074075 54
320 0.2 7258.7675 2135.7675 20484.536 189.514 4982.244781818183 55
330 0.2 7844.43 1091.9329999999993 20484.536 189.514 5062.122771929825 57
340 0.5 5677.370000000001 4562.937829555516 20484.536 93.372 5156.438271186441 59
350 0.5 1706.5698 1424.2398041652114 20484.536 93.372 5197.1360625 64
360 0.4 3236.235 2444.897737616545 20484.536 93.372 4944.196478260869 69
370 0.1 9861.07 0.0 20484.536 93.372 4850.609547945205 73
380 0.3 5835.3206666666665 6222.990711865174 20484.536 93.372 4918.318472972973 74
390 0.1 6542.097 0.0 20484.536 93.372 4954.045831168831 77
400 0.3 8105.405 9438.53477255734 21383.186 93.372 4974.405461538461 78
410 0 0 0 21383.186 93.372 5090.368407407407 81
420 0.2 1730.097 13.482999999999947 21383.186 93.372 5090.368407407407 81
430 0.3 6551.690666666666 3657.025605815408 21383.186 93.372 5009.398012048193 83
440 0.1 713.552 0.0 21383.186 93.372 5063.198918604651 86
450 0.2 11620.452000000001 228.9710000000009 21383.186 93.372 5013.202977011495 87
460 0.2 2140.2575 1894.8995000000002 21383.186 93.372 5161.680483146068 89
470 0.1 3212.522 0.0 21383.186 93.372 5095.275582417583 91
480 0.3 2728.6316666666667 1322.1465669033148 21383.186 93.372 5074.810869565218 92
490 0.1 5373.277 0.0 21383.186 93.372 5000.721000000001 95
500 0.3 3612.050333333333 2895.3180404202385 21383.186 93.372 5004.601791666668 96
510 0.1 372.599 0.0 21383.186 93.372 4962.403262626264 99
520 0.2 5610.039000000001 550.5830000000003 21383.186 93.372 4916.505220000002 100
530 0.2 544.9504999999999 305.4744999999999 21383.186 93.372 4930.103921568629 102
540 0.3 6016.715333333334 2914.069454103926 21383.186 93.372 4845.774048076924 104
550 0 0 0 21383.186 93.372 4878.604177570095 107
560 0.3 4492.181333333333 3248.2346804137915 21383.186 93.372 4878.604177570095 107
570 0.2 11266.347 6481.085000000001 21383.186 93.372 4868.065372727275 110
580 0.2 4128.913 3340.6119999999996 21383.186 93.372 4982.320401785716 112
590 0.4 2567.04825 1253.1250564712955 21383.186 93.372 4967.348342105265 114
600 0.3 2805.7106666666664 691.8995481668965 21383.186 93.372 4885.982237288137 118
610 0.5 3491.0876000000003 5447.675482038503 21383.186 93.372 4834.405256198349 121
620 0.3 5169.572 4927.7526938360725 21383.186 93.372 4781.099000000001 126
630 0.1 8515.536 0.0 21383.186 93.372 4790.133255813955 129
640 0.1 2025.996 0.0 21383.186 93.372 4818.790200000001 130
650 0.2 1192.233 228.11699999999996 21383.186 93.372 4797.471160305345 131
660 0.1 1345.11 0.0 21383.186 93.372 4743.25705263158 133
670 0.2 5248.0445 1546.5475 21383.186 93.372 4717.897746268658 134
680 0.3 1156.9346666666668 543.4784397774109 21383.186 93.372 4725.694022058825 136
690 0 0 0 21383.186 93.372 4648.6704388489225 139
700 0.3 10006.087333333335 8244.01954728381 21584.113 93.372 4648.6704388489225 139
710 0.2 855.1095 770.4725000000001 21584.113 84.637 4761.855302816903 142
720 0.4 5558.16725 4420.9964880990565 21584.113 84.637 4707.594944444446 144
730 0.1 2944.581 0.0 21584.113 84.637 4730.583385135137 148
740 0.3 3867.860666666666 2506.6820079425484 21584.113 84.637 4718.59679194631 149
750 0.4 2886.3430000000003 1665.077459220141 21584.113 84.637 4701.805947368423 152
760 0.4 11614.123 6619.367654158212 21963.409 84.637 4655.255615384617 156
770 0 0 0 21963.409 84.637 4829.227300000001 160
780 0.1 3104.237 0.0 21963.409 84.637 4829.227300000001 160
790 0.3 3012.4143333333336 1260.7840042165124 21963.409 84.637 4818.513074534163 161
800 0.3 9689.661666666667 5141.168910706744 21963.409 84.637 4785.474682926831 164
810 0.1 4141.098 0.0 21963.409 84.637 4873.573850299403 167
820 0.4 6787.51225 8930.87585957977 22222.584 84.637 4869.213875000001 168
830 0.3 6357.6016666666665 3009.9906933178754 22222.584 84.637 4913.825465116281 172
840 0.1 2976.699 0.0 22222.584 84.637 4938.575914285716 175
850 0.2 6476.574 6098.056 22222.584 84.637 4927.428886363638 176
860 0 0 0 22222.584 84.637 4944.835011235958 178
870 0.1 7045.064 0.0 22222.584 84.637 4944.835011235958 178
875 0.1 3607.993 0.0 22222.584 84.637 4956.568134078215 179
