0 0 2
10 2 3
20 1 3
30 2 3
40 1 3
50 1 3
60 2 3
70 1 3
80 1 3
90 0 3
100 1 3
110 3 3
120 1 3
130 2 3
140 0 3
150 1 3
160 1 3
170 0 3
180 0 3
190 2 3
200 1 3
210 1 3
220 1 3
230 0 3
240 1 3
250 1 3
260 0 3
270 0 3
280 1 3
290 1 3
300 0 3
310 2 3
320 3 3
330 3 4
340 2 4
350 0 4
360 1 5
370 1 5
380 2 5
390 1 5
400 0 5
410 0 5
420 2 5
430 0 5
440 2 5
450 1 5
460 0 5
470 0 5
480 0 5
490 0 5
500 0 5
510 2 5
520 0 5
530 3 5
540 0 5
550 2 5
560 2 5
570 1 5
580 1 5
590 2 5
600 1 5
610 1 5
620 1 5
630 0 5
640 0 5
650 0 5
660 2 5
670 0 5
680 1 5
690 1 5
700 1 5
710 3 5
720 1 5
730 2 5
740 4 5
750 3 5
760 0 5
770 1 5
780 3 5
790 1 5
800 2 5
810 2 5
820 1 5
830 2 5
840 1 5
850 0 5
860 1 5
870 1 5
875 0 5
