0 0.2 2
10 0.4 6
20 0.2 8
30 0.3 11
40 0.1 12
50 0.2 14
60 0.2 16
70 0.2 18
80 0.2 20
90 0 20
100 0.4 24
110 0.3 27
120 0.3 30
130 0.2 32
140 0.1 33
150 0.2 35
160 0.1 36
170 0.2 38
180 0 38
190 0.2 40
200 0.1 41
210 0.2 43
220 0.2 45
230 0 45
240 0.2 47
250 0 47
260 0.1 48
270 0 48
280 0.4 52
290 0.1 53
300 0.1 54
310 0.3 57
320 0.3 60
330 0.2 62
340 0.4 66
350 0.3 69
360 0.5 74
370 0.1 75
380 0.4 79
390 0 79
400 0.2 81
410 0 81
420 0.4 85
430 0.1 86
440 0.3 89
450 0.1 90
460 0.1 91
470 0.1 92
480 0.3 95
490 0.1 96
500 0.3 99
510 0.3 102
520 0 102
530 0.5 107
540 0 107
550 0.2 109
560 0.3 112
570 0.1 113
580 0.2 115
590 0.5 120
600 0.3 123
610 0.4 127
620 0.3 130
630 0 130
640 0.1 131
650 0.2 133
660 0.3 136
670 0 136
680 0.4 140
690 0 140
700 0.3 143
710 0.4 147
720 0.2 149
730 0.2 151
740 0.5 156
750 0.4 160
760 0 160
770 0.1 161
780 0.3 164
790 0.1 165
800 0.4 169
810 0.2 171
820 0.2 173
830 0.4 177
840 0 177
850 0.1 178
860 0.1 179
870 0.1 180
875 0 180
