0 1.5 15
10 2.1 36
20 1.8 54
30 2.2 76
40 3.2 108
50 2 128
60 2.8 156
70 2 176
80 1.6 192
90 1.6 208
100 2 228
110 2 248
120 1.4 262
130 2.2 284
140 2.4 308
150 1.4 322
160 1.4 336
170 1 346
180 1.2 358
190 1.2 370
200 1.1 381
210 1.5 396
220 3 426
230 2 446
240 2.8 474
250 1.6 490
260 1.4 504
270 1.5 519
280 1.5 534
290 2.6 560
300 2.3 583
310 2.5 608
320 2.3 631
330 2 651
340 2 671
350 1.6 687
360 2 707
370 1.8 725
380 1.6 741
390 1.7 758
400 3.1 789
410 2.5 814
420 1.9 833
430 1.5 848
440 1.6 864
450 1 874
460 1.7 891
470 1.8 909
480 1.4 923
490 0.9 932
500 1.5 947
510 1.7 964
520 2.2 986
530 3.3 1019
540 2 1039
550 2 1059
560 2.7 1086
570 3.3 1119
580 2.3 1142
590 1.9 1161
600 1.9 1180
610 1.3 1193
620 1.7 1210
630 1.6 1226
640 1.2 1238
650 2.2 1260
660 2.5 1285
670 2.9 1314
680 1.4 1328
690 3.6 1364
700 1.7 1381
710 1.9 1400
720 2.1 1421
730 1.9 1440
740 1.9 1459
750 1.8 1477
760 1.3 1490
770 2.5 1515
780 2.1 1536
790 2.9 1565
800 2.2 1587
810 2.2 1609
820 1.8 1627
830 2.5 1652
840 1.7 1669
850 2.6 1695
860 2.6 1721
870 1.5 1736
880 2 1756
890 2.6 1782
900 1.6 1798
910 0.1 1799
913 0.1 1800
