0 1.5 28.266333333333332 1.8690388498429404 31.123 25.874 0 0
10 2.2 27.258409090909087 1.6305386912164082 31.123 25.006 28.266333333333332 15
20 1.7 28.71035294117647 2.507126124638385 34.056 25.006 27.667027027027025 37
30 2.2 27.006590909090907 1.5043994470488846 34.056 24.602 27.99548148148148 54
40 3.2 28.058968750000005 2.08469857659889 34.056 24.602 27.709223684210524 76
50 2 27.547500000000003 2.0591628274616856 34.056 24.514 27.812851851851853 108
60 3 27.68509999999999 1.9140783047374696 34.056 24.514 27.771390625000002 128
70 1.8 27.670777777777776 1.4470535410333951 34.056 24.514 27.755006329113925 158
80 1.6 28.332625000000004 1.6642901593096697 34.056 24.514 27.746392045454545 176
90 1.6 28.022375000000004 1.4106606552870902 34.056 24.514 27.795244791666665 192
100 2 28.180200000000003 1.4533806314933473 34.056 24.514 27.812716346153845 208
110 2 28.085050000000003 1.545321308822214 34.056 24.514 27.844951754385967 228
120 1.4 28.677214285714285 1.228513688427223 34.056 24.514 27.864314516129035 248
130 2.4 28.134375000000002 2.139091392244613 34.056 24.514 27.907751908396946 262
140 2.2 27.46604545454545 1.7275737447033717 34.056 24.514 27.92676923076923 286
150 1.4 26.82257142857143 1.5398096224759044 34.056 24.514 27.893860389610392 308
160 1.5 28.088466666666665 2.0578921211332286 34.056 24.514 27.847282608695654 322
170 1 27.5423 1.3642313623429116 34.056 24.514 27.858017804154304 337
180 1.1 28.152545454545454 1.5721749476809839 34.056 24.514 27.848919308357353 347
190 1.2 26.939666666666668 1.5609712966255622 34.056 24.514 27.858248603351957 358
200 1.1 27.953090909090914 1.2061640514491643 34.056 24.514 27.828456756756758 370
210 1.6 28.194812500000005 1.8652095464970555 34.056 24.514 27.832055118110237 381
220 2.9 27.418655172413793 1.5416131111735563 34.056 24.514 27.846675062972295 397
230 2 27.55215 1.5156028924160838 34.056 24.514 27.817537558685448 426
240 2.9 27.655206896551718 1.69043139524247 34.056 24.483 27.80563677130045 446
250 1.5 27.814733333333333 1.251738922015644 34.056 24.483 27.796452631578948 475
260 1.4 27.150214285714288 1.3901919280943824 34.056 24.483 27.79701224489796 490
270 1.5 27.59486666666667 2.134172684880229 34.056 24.483 27.77904563492063 504
280 1.6 28.640250000000005 1.353468207051795 34.056 24.483 27.7737225433526 519
290 2.5 27.91344 1.401126006610397 34.056 24.483 27.799637383177572 535
300 2.3 27.83104347826087 1.9002536324593262 34.056 24.272 27.804717857142858 560
310 2.5 27.64316 2.0603251914200342 34.056 24.184 27.805756432246998 583
320 2.3 27.927869565217396 1.8225403747981492 34.056 24.184 27.79907072368421 608
330 2 27.367349999999995 1.6564190072261293 34.056 24.184 27.803765451664024 631
340 2 28.257700000000007 2.02394189886963 34.056 24.184 27.790357910906298 651
350 1.6 28.1420625 1.6673267327053072 34.056 24.184 27.804287630402385 671
360 2 27.304099999999995 1.6764562594950105 34.056 24.184 27.812154294032023 687
370 1.8 28.29861111111111 1.6457265244292187 34.056 24.184 27.79778217821782 707
380 1.6 27.5175 1.3933379884292252 34.056 24.184 27.810216551724135 725
390 1.7 27.03041176470589 1.4442155232196658 34.056 24.184 27.803896086369768 741
400 3.1 27.599580645161293 2.1138630403064846 34.056 24.184 27.786548812664904 758
410 2.5 28.231879999999997 1.8221026166492382 34.056 24.184 27.779202788339667 789
420 1.9 27.737473684210528 1.8782841657220604 34.056 24.184 27.793105651105645 814
430 1.6 27.939250000000005 1.545312084175879 34.056 24.184 27.79183673469387 833
440 1.5 27.219733333333338 1.625104446557889 34.056 24.184 27.794614840989393 849
450 1 27.655300000000004 1.4639043035663215 34.056 24.184 27.78463425925925 864
460 1.7 29.532999999999998 2.421198074847875 36.117 24.184 27.783154462242553 874
470 1.8 28.077222222222222 1.3788403160931841 36.117 24.184 27.816540965207626 891
480 1.4 28.330071428571426 1.7073826027111845 36.117 24.184 27.82170297029702 909
490 0.9 28.192666666666664 1.5388219881165959 36.117 24.184 27.82941386782231 923
500 1.6 27.923437500000006 1.8341929072738634 36.117 24.184 27.832921673819733 932
510 1.6 27.006625000000003 1.4727958478265069 36.117 24.184 27.834449367088602 948
520 2.2 28.216227272727277 2.3088723129350432 36.117 24.184 27.82070954356846 964
530 3.3 27.105636363636364 1.5323135769390097 36.117 24.184 27.829534482758614 986
540 2 27.93995 1.2823950044740504 36.117 24.184 27.806091265947003 1019
550 2 27.86005 1.5214438364593021 36.117 24.184 27.80866794995187 1039
560 2.7 28.05548148148148 1.591095391845932 36.117 24.184 27.809638338054764 1059
570 3.3 27.722424242424243 1.5354457655046778 36.117 24.184 27.81575046040515 1086
580 2.4 27.961708333333334 1.5670303517366508 36.117 24.184 27.812998212689898 1119
590 1.8 27.314111111111107 1.5731339523698435 36.117 24.184 27.816120734908132 1143
600 1.9 27.311473684210522 1.3403750209086636 36.117 24.184 27.80833763996554 1161
610 1.3 27.68307692307692 1.9588856510993293 36.117 24.184 27.800337288135587 1180
620 1.7 28.66276470588235 1.796749959016254 36.117 24.184 27.79905951383067 1193
630 1.6 27.996437499999995 1.9359628408349554 36.117 24.184 27.811194214876025 1210
640 1.3 28.224307692307693 1.3869835773313912 36.117 24.184 27.813611745513857 1226
650 2.2 27.60554545454545 1.4393569500829422 36.117 24.184 27.817920903954793 1239
660 2.4 27.809750000000005 1.8181028401880899 36.117 24.184 27.81421570182394 1261
670 2.9 26.874620689655174 1.4834756117329402 36.117 24.184 27.814132295719837 1285
680 1.4 27.172714285714285 1.341974687251772 36.117 24.184 27.793397260273967 1314
690 3.6 27.82172222222222 1.8533634381714283 36.117 24.184 27.786853915662643 1328
700 1.7 26.951764705882354 1.6972039819660412 36.117 24.184 27.78777419354838 1364
710 2 28.117350000000005 2.267613884130189 36.117 24.184 27.777482983345394 1381
720 2 27.468649999999997 1.8978988454340757 36.117 24.184 27.782334760885078 1401
730 2 27.785199999999996 1.9605014052532583 36.117 24.184 27.777919774806467 1421
740 1.9 27.182894736842105 2.4438151341646734 36.117 24.184 27.778020818875774 1441
750 1.7 27.627588235294116 1.5135324112359112 36.117 24.184 27.77027602739725 1460
760 1.3 28.803923076923084 2.1957848592084326 36.117 24.184 27.7686337169939 1477
770 2.8 27.33453571428571 1.6091358701876273 36.117 24.184 27.777666442953013 1490
780 1.9 27.11478947368421 1.610258383285685 36.117 24.184 27.769492753623183 1518
790 2.9 27.45937931034483 1.869431970039676 36.117 24.184 27.76139947950552 1537
800 2.2 27.462863636363632 2.104938787610408 36.117 24.184 27.755806513409954 1566
810 2.1 26.71804761904762 1.5621932224917294 36.117 24.184 27.751748110831223 1588
820 1.8 28.121166666666667 2.2501551860063147 36.117 24.184 27.738256681168416 1609
830 2.5 27.88356 1.7000412484407545 36.117 24.184 27.742492931776262 1627
840 1.8 27.4555 1.6930720352857602 36.117 24.184 27.744627723970932 1652
850 2.5 28.27916 1.9519255657939416 36.117 24.184 27.741511377245498 1670
860 2.6 27.556500000000003 1.41692460170719 36.117 24.184 27.74944129793509 1695
870 1.5 28.020733333333336 1.6201295201996107 36.117 24.184 27.74652643811736 1721
880 2.1 28.665761904761904 2.3715186997598527 36.99 24.184 27.748895737327175 1736
890 2.6 27.549692307692307 1.6456079720374281 36.99 24.184 27.759854297097313 1757
900 1.5 27.444399999999998 1.7454191779245085 36.99 24.184 27.756789680314064 1783
910 0.1 30.322 0.0 36.99 24.184 27.754183537263614 1798
913 0.1 30.714 0.0 36.99 24.184 27.755610894941622 1799
