0 5 5
10 6 1
20 2 -4
30 4 2
40 1 -3
50 5 4
60 2 -3
70 2 0
80 1 -1
90 2 1
100 4 2
110 2 -2
120 5 3
130 6 1
140 2 -4
150 2 0
160 4 2
170 1 -3
180 3 2
190 2 -1
200 3 1
210 2 -1
220 7 5
230 5 -2
240 3 -2
250 3 0
260 3 0
270 1 -2
280 6 5
290 2 -4
300 5 3
310 2 -3
320 8 6
330 3 -5
340 1 -2
350 4 3
360 5 1
370 0 -5
380 2 2
390 7 5
400 4 -3
410 6 2
420 3 -3
430 3 0
440 2 -1
450 2 0
460 2 0
470 5 3
480 4 -1
490 0 -4
500 5 5
510 3 -2
520 2 -1
530 8 6
540 3 -5
550 6 3
560 5 -1
570 5 0
580 4 -1
590 4 0
600 2 -2
610 2 0
620 3 1
630 0 -3
640 4 4
650 3 -1
660 4 1
670 2 -2
680 2 0
690 7 5
700 1 -6
710 2 1
720 2 0
730 4 2
740 3 -1
750 1 -2
760 5 4
770 8 3
780 6 -2
790 6 0
800 4 -2
810 2 -2
820 7 5
830 2 -5
840 3 1
850 5 2
860 2 -3
870 0 -2
880 8 8
890 9 1
900 0 -9
910 0 0
913 0 0
