0 0.1 11.81010276963225 0 11.81010276963225 11.81010276963225 0 0
10 0.1 15.671453766691862 0.0 15.671453766691862 11.81010276963225 11.81010276963225 1
20 0.1 18.43074861832189 0.0 18.43074861832189 11.81010276963225 13.740778268162057 2
30 0.1 15.916317991631798 0.0 18.43074861832189 11.81010276963225 15.304101718215335 3
40 0.1 18.91286307053942 0.0 18.91286307053942 11.81010276963225 15.457155786569452 4
50 0.1 23.090849242922975 0.0 23.090849242922975 11.81010276963225 16.148297243363444 5
60 0.1 22.968429684296844 0.0 23.090849242922975 11.81010276963225 17.305389243290033 6
70 0.1 22.60600485071506 0.0 23.090849242922975 11.81010276963225 18.11439502057672 7
80 0.1 19.333333333333332 0.0 23.090849242922975 11.81010276963225 18.675846249344012 8
90 0.1 17.66888757695876 0.0 23.090849242922975 11.81010276963225 18.748900369787272 9
100 0.1 17.2504008777112 0.0 23.090849242922975 11.81010276963225 18.64089909050442 10
110 0.1 19.418047262635607 0.0 23.090849242922975 11.81010276963225 18.51449016206867 11
120 0.1 18.922085530169888 0.0 23.090849242922975 11.81010276963225 18.589786587115917 12
130 0.1 15.660329955615108 0.0 23.090849242922975 11.81010276963225 18.615348044273915 13
140 0.1 20.098860589812332 0.0 23.090849242922975 11.81010276963225 18.40427532365543 14
150 0.1 21.187854521187855 0.0 23.090849242922975 11.81010276963225 18.517247674732555 15
160 0.1 20.3266185857581 0.0 23.090849242922975 11.81010276963225 18.68416060263601 16
170 0.1 19.967145790554415 0.0 23.090849242922975 11.81010276963225 18.78077577811378 17
180 0.1 20.639868744872846 0.0 23.090849242922975 11.81010276963225 18.84668522324937 18
190 0.1 18.363256784968684 0.0 23.090849242922975 11.81010276963225 18.94106330333482 19
200 0.1 19.29555895865237 0.0 23.090849242922975 11.81010276963225 18.91217297741651 20
210 0.1 19.121250528094635 0.0 23.090849242922975 11.81010276963225 18.930429452713454 21
220 0.1 15.8747481531229 0.0 23.090849242922975 11.81010276963225 18.939103137958053 22
230 0.1 20.905952681653616 0.0 23.090849242922975 11.81010276963225 18.805870312530438 23
240 0.1 18.407168578845994 0.0 23.090849242922975 11.81010276963225 18.893373744577236 24
250 0.1 20.333026524976987 0.0 23.090849242922975 11.81010276963225 18.873925537947986 25
260 0.1 16.473551637279595 0.0 23.090849242922975 11.81010276963225 18.930044806679874 26
270 0.1 14.87513572204126 0.0 23.090849242922975 11.81010276963225 18.839063578183566 27
280 0.1 17.371752165223185 0.0 23.090849242922975 11.81010276963225 18.697494726178487 28
290 0.1 19.419642857142858 0.0 23.090849242922975 11.81010276963225 18.65177946545589 29
300 0.1 21.16519174041298 0.0 23.090849242922975 11.81010276963225 18.677374911845455 30
310 0.1 20.916549266594846 0.0 23.090849242922975 11.81010276963225 18.757627067605696 31
320 0.1 20.536678574395616 0.0 23.090849242922975 11.81010276963225 18.82509338632411 32
330 0.1 18.677141409021793 0.0 23.090849242922975 11.81010276963225 18.87695960414446 33
340 0.1 16.7929930941553 0.0 23.090849242922975 11.81010276963225 18.871082598405557 34
350 0.1 14.569480683444155 0.0 23.090849242922975 11.81010276963225 18.811708612569838 35
360 0.1 17.26958428197993 0.0 23.090849242922975 11.81010276963225 18.693868947871902 36
370 0.1 16.676443476074752 0.0 23.090849242922975 11.81010276963225 18.655374767712658 37
380 0.1 17.508586747088884 0.0 23.090849242922975 11.81010276963225 18.60329762845903 38
390 0.1 16.10326269761184 0.0 23.090849242922975 11.81010276963225 18.575228118680307 39
400 0.1 17.659895920765486 0.0 23.090849242922975 11.81010276963225 18.513428983153595 40
410 0.1 16.910964067342324 0.0 23.090849242922975 11.81010276963225 18.492611103583155 41
420 0.1 18.36870578443612 0.0 23.090849242922975 11.81010276963225 18.454952840815515 42
430 0.1 16.39548397808401 0.0 23.090849242922975 11.81010276963225 18.452947095318322 43
440 0.1 17.7762982689747 0.0 23.090849242922975 11.81010276963225 18.406186569926636 44
450 0.1 18.547849283094365 0.0 23.090849242922975 11.81010276963225 18.3921890521277 45
460 0.1 16.3265306122449 0.0 23.090849242922975 11.81010276963225 18.395572970192195 46
470 0.1 17.116279069767444 0.0 23.090849242922975 11.81010276963225 18.35155079236353 47
480 0.1 16.303429633384017 0.0 23.090849242922975 11.81010276963225 18.325815964809443 48
490 0.1 16.680693485945127 0.0 23.090849242922975 11.81010276963225 18.284542774372188 49
500 0.1 15.085916442048516 0.0 23.090849242922975 11.81010276963225 18.252465788603644 50
510 0.1 16.045652903658947 0.0 23.090849242922975 11.81010276963225 18.190376585730014 51
520 0.1 18.12562646174407 0.0 23.090849242922975 11.81010276963225 18.14913189953634 52
530 0.1 16.083095995979228 0.0 23.090849242922975 11.81010276963225 18.14868840071007 53
540 0.1 16.81757209926224 0.0 23.090849242922975 11.81010276963225 18.110436689511353 54
550 0.1 17.60622281699565 0.0 23.090849242922975 11.81010276963225 18.086930060597734 55
560 0.1 18.493207767313944 0.0 23.090849242922975 11.81010276963225 18.078346002676266 56
570 0.1 21.330675305257913 0.0 23.090849242922975 11.81010276963225 18.085624279248858 57
580 0.1 22.961145194274028 0.0 23.090849242922975 11.81010276963225 18.141573434869702 58
590 0.1 19.3763370083923 0.0 23.090849242922975 11.81010276963225 18.22326109180876 59
600 0.1 17.501670006680026 0.0 23.090849242922975 11.81010276963225 18.242479023751816 60
610 0.1 17.742751180040457 0.0 23.090849242922975 11.81010276963225 18.230334613635886 61
620 0.1 17.132247447041944 0.0 23.090849242922975 11.81010276963225 18.22247036470693 62
630 0.1 15.728155339805824 0.0 23.090849242922975 11.81010276963225 18.205165239029704 63
640 0.1 15.254666779288792 0.0 23.090849242922975 11.81010276963225 18.166461959354333 64
650 0.1 15.620536089404252 0.0 23.090849242922975 11.81010276963225 18.121665110430246 65
660 0.1 16.469893742621014 0.0 23.090849242922975 11.81010276963225 18.083769216172275 66
670 0.1 17.097098775784 0.0 23.090849242922975 11.81010276963225 18.059681522537183 67
680 0.1 20.73968466957397 0.0 23.090849242922975 11.81010276963225 18.045525893908458 68
690 0.1 15.158883206170874 0.0 23.090849242922975 11.81010276963225 18.08457167326593 69
700 0.1 18.425446652195692 0.0 23.090849242922975 11.81010276963225 18.042776123736 70
710 0.1 17.139272271016313 0.0 23.090849242922975 11.81010276963225 18.048165849488953 71
720 0.1 17.998338870431894 0.0 23.090849242922975 11.81010276963225 18.03554232756572 72
730 0.1 16.1247178801304 0.0 23.090849242922975 11.81010276963225 18.035032691166627 73
740 0.1 15.187756126118593 0.0 23.090849242922975 11.81010276963225 18.009217626152626 74
750 0.1 14.465620015112082 0.0 23.090849242922975 11.81010276963225 17.971598139485504 75
760 0.1 15.110441767068272 0.0 23.090849242922975 11.81010276963225 17.92546684837533 76
770 0.1 14.310865191146881 0.0 23.090849242922975 11.81010276963225 17.888908081085628 77
780 0.1 15.449744320563333 0.0 23.090849242922975 11.81010276963225 17.84303573634282 78
790 0.1 16.228217158176943 0.0 23.090849242922975 11.81010276963225 17.812740908294977 79
800 0.1 16.171065820247243 0.0 23.090849242922975 11.81010276963225 17.7929343614185 80
810 0.1 16.129841880699406 0.0 23.090849242922975 11.81010276963225 17.77291129300898 81
820 0.1 14.315560755473841 0.0 23.090849242922975 11.81010276963225 17.75287386115155 82
830 0.1 16.79932970255551 0.0 23.090849242922975 11.81010276963225 17.71146045023977 83
840 0.1 16.059671639303275 0.0 23.090849242922975 11.81010276963225 17.700601750862575 84
850 0.1 16.848190348525467 0.0 23.090849242922975 11.81010276963225 17.681296690726583 85
860 0.1 17.007597895967272 0.0 23.090849242922975 11.81010276963225 17.671609407677735 86
870 0.1 16.747007978723406 0.0 23.090849242922975 11.81010276963225 17.66397709145118 87
880 0.1 17.922035018169804 0.0 23.090849242922975 11.81010276963225 17.653556987897453 88
890 0.1 22.753551370994384 0.0 23.090849242922975 11.81010276963225 17.656573594979164 89
900 0.1 28.60188601886019 0.0 28.60188601886019 11.81010276963225 17.713206681379333 90
910 0.1 16.669468728984533 0.0 28.60188601886019 11.81010276963225 17.832862498274725 91
913 0.1 11.499284451553162 0.0 28.60188601886019 11.499284451553162 17.82021691382592 92
