0 0.5 5
10 1.1 16
20 1 26
30 0.9 35
40 1.7 52
50 0.9 61
60 1.7 78
70 0.8 86
80 0.9 95
90 0.7 102
100 0.9 111
110 1.1 122
120 0.5 127
130 1.2 139
140 1.2 151
150 0.8 159
160 0.7 166
170 0.7 173
180 0.4 177
190 0.6 183
200 0.5 188
210 0.7 195
220 1.4 209
230 1.1 220
240 1.6 236
250 0.8 244
260 0.6 250
270 0.8 258
280 0.7 265
290 1.3 278
300 1 288
310 1.4 302
320 0.9 311
330 1.1 322
340 1.3 335
350 0.6 341
360 0.9 350
370 1.2 362
380 0.7 369
390 0.6 375
400 1.7 392
410 1.1 403
420 1.1 414
430 0.9 423
440 0.8 431
450 0.5 436
460 0.7 443
470 0.8 451
480 0.8 459
490 0.7 466
500 0.5 471
510 0.9 480
520 1.1 491
530 1.5 506
540 1.2 518
550 0.8 526
560 1.3 539
570 1.6 555
580 1.4 569
590 0.8 577
600 1.2 589
610 0.6 595
620 0.8 603
630 0.9 612
640 0.5 617
650 1.1 628
660 1.1 639
670 1.5 654
680 0.8 662
690 1.6 678
700 1 688
710 1.1 699
720 1 709
730 0.8 717
740 1.1 728
750 0.9 737
760 0.5 742
770 1.3 755
780 1 765
790 1.4 779
800 1.3 792
810 1.1 803
820 0.7 810
830 1.3 823
840 1 833
850 1.1 844
860 1.4 858
870 0.9 867
880 0.7 874
890 1.3 887
900 1.1 898
910 0.1 899
913 0.1 900
