0 0.1 11963.44921875 0 11963.44921875 11963.44921875 0 0
10 0.1 11934.73828125 0.0 11963.44921875 11934.73828125 11963.44921875 1
20 0.1 11892.29296875 0.0 11963.44921875 11892.29296875 11949.09375 2
30 0.1 11856.453125 0.0 11963.44921875 11856.453125 11930.16015625 3
40 0.1 11807.21875 0.0 11963.44921875 11807.21875 11911.7333984375 4
50 0.1 11789.3125 0.0 11963.44921875 11789.3125 11890.83046875 5
60 0.1 11792.4765625 0.0 11963.44921875 11789.3125 11873.910807291666 6
70 0.1 11813.625 0.0 11963.44921875 11789.3125 11862.27734375 7
80 0.1 11809.39453125 0.0 11963.44921875 11789.3125 11856.19580078125 8
90 0.1 11810.859375 0.0 11963.44921875 11789.3125 11850.995659722223 9
100 0.1 11816.3046875 0.0 11963.44921875 11789.3125 11846.98203125 10
110 0.1 11795.421875 0.0 11963.44921875 11789.3125 11844.193181818182 11
120 0.1 11760.45703125 0.0 11963.44921875 11760.45703125 11840.12890625 12
130 0.1 11753.6640625 0.0 11963.44921875 11753.6640625 11834.00030048077 13
140 0.1 11777.4375 0.0 11963.44921875 11753.6640625 11828.261997767857 14
150 0.1 11791.28125 0.0 11963.44921875 11753.6640625 11824.873697916666 15
160 0.1 11796.78515625 0.0 11963.44921875 11753.6640625 11822.774169921875 16
170 0.1 11731.76171875 0.0 11963.44921875 11731.76171875 11821.245404411764 17
180 0.1 11786.28125 0.0 11963.44921875 11731.76171875 11816.274088541666 18
190 0.1 11734.44140625 0.0 11963.44921875 11731.76171875 11814.695518092105 19
200 0.1 11659.71875 0.0 11963.44921875 11659.71875 11810.6828125 20
210 0.1 11691.58203125 0.0 11963.44921875 11659.71875 11803.494047619048 21
220 0.1 11694.00390625 0.0 11963.44921875 11659.71875 11798.40713778409 22
230 0.1 11689.52734375 0.0 11963.44921875 11659.71875 11793.867866847826 23
240 0.1 11781.94140625 0.0 11963.44921875 11659.71875 11789.520345052084 24
250 0.1 11756.734375 0.0 11963.44921875 11659.71875 11789.2171875 25
260 0.1 11785.57421875 0.0 11963.44921875 11659.71875 11787.967848557691 26
270 0.1 11750.1171875 0.0 11963.44921875 11659.71875 11787.879195601852 27
280 0.1 11747.76953125 0.0 11963.44921875 11659.71875 11786.530552455357 28
290 0.1 11744.76171875 0.0 11963.44921875 11659.71875 11785.193965517241 29
300 0.1 11731.5078125 0.0 11963.44921875 11659.71875 11783.846223958333 30
310 0.1 11711.85546875 0.0 11963.44921875 11659.71875 11782.157888104839 31
320 0.1 11705.64453125 0.0 11963.44921875 11659.71875 11779.9609375 32
330 0.1 11659.22265625 0.0 11963.44921875 11659.22265625 11777.708925189394 33
340 0.1 11720.14453125 0.0 11963.44921875 11659.22265625 11774.22403492647 34
350 0.1 11694.53125 0.0 11963.44921875 11659.22265625 11772.67890625 35
360 0.1 11738.4140625 0.0 11963.44921875 11659.22265625 11770.508138020834 36
370 0.1 11718.40625 0.0 11963.44921875 11659.22265625 11769.640730574325 37
380 0.1 11770.08984375 0.0 11963.44921875 11659.22265625 11768.292454769737 38
390 0.1 11704.2890625 0.0 11963.44921875 11659.22265625 11768.338541666666 39
400 0.1 11694.24609375 0.0 11963.44921875 11659.22265625 11766.7373046875 40
410 0.1 11707.49609375 0.0 11963.44921875 11659.22265625 11764.969226371952 41
420 0.1 11682.6328125 0.0 11963.44921875 11659.22265625 11763.600818452382 42
430 0.1 11683.4296875 0.0 11963.44921875 11659.22265625 11761.717841569767 43
440 0.1 11680.30078125 0.0 11963.44921875 11659.22265625 11759.93856534091 44
450 0.1 11643.58984375 0.0 11963.44921875 11643.58984375 11758.168836805555 45
460 0.1 11639.8046875 0.0 11963.44921875 11639.8046875 11755.677989130434 46
470 0.1 11689.24609375 0.0 11963.44921875 11639.8046875 11753.212599734043 47
480 0.1 11684.94140625 0.0 11963.44921875 11639.8046875 11751.879964192709 48
490 0.1 11631.89453125 0.0 11963.44921875 11631.89453125 11750.513871173469 49
500 0.1 11664.953125 0.0 11963.44921875 11631.89453125 11748.141484375 50
510 0.1 11670.71484375 0.0 11963.44921875 11631.89453125 11746.51034007353 51
520 0.1 11678.51953125 0.0 11963.44921875 11631.89453125 11745.052734375 52
530 0.1 11673.9453125 0.0 11963.44921875 11631.89453125 11743.797390919812 53
540 0.1 11669.85546875 0.0 11963.44921875 11631.89453125 11742.503833912036 54
550 0.1 11690.53125 0.0 11963.44921875 11631.89453125 11741.182954545455 55
560 0.1 11714.39453125 0.0 11963.44921875 11631.89453125 11740.27845982143 56
570 0.1 11653.73828125 0.0 11963.44921875 11631.89453125 11739.824355811403 57
580 0.1 11655.48828125 0.0 11963.44921875 11631.89453125 11738.340113146553 58
590 0.1 11659.96484375 0.0 11963.44921875 11631.89453125 11736.935844809323 59
600 0.1 11645.52734375 0.0 11963.44921875 11631.89453125 11735.652994791666 60
610 0.1 11635.35546875 0.0 11963.44921875 11631.89453125 11734.175525102459 61
620 0.1 11640.5 0.0 11963.44921875 11631.89453125 11732.581653225807 62
630 0.1 11644.6015625 0.0 11963.44921875 11631.89453125 11731.120039682539 63
640 0.1 11699.24609375 0.0 11963.44921875 11631.89453125 11729.768188476563 64
650 0.1 11604.47265625 0.0 11963.44921875 11604.47265625 11729.298617788461 65
660 0.1 11632.34765625 0.0 11963.44921875 11604.47265625 11727.40731534091 66
670 0.1 11623.0625 0.0 11963.44921875 11604.47265625 11725.988514458955 67
680 0.1 11620.625 0.0 11963.44921875 11604.47265625 11724.474896599264 68
690 0.1 11568.609375 0.0 11963.44921875 11568.609375 11722.969825634058 69
700 0.1 11603.93359375 0.0 11963.44921875 11568.609375 11720.764676339286 70
710 0.1 11595.2890625 0.0 11963.44921875 11568.609375 11719.119168133802 71
720 0.1 11623.8828125 0.0 11963.44921875 11568.609375 11717.399305555555 72
730 0.1 11632.0390625 0.0 11963.44921875 11568.609375 11716.118257705479 73
740 0.1 11634.921875 0.0 11963.44921875 11568.609375 11714.982052364865 74
750 0.1 11625.92578125 0.0 11963.44921875 11568.609375 11713.914583333333 75
760 0.1 11654.29296875 0.0 11963.44921875 11568.609375 11712.7568359375 76
770 0.1 11618.328125 0.0 11963.44921875 11568.609375 11711.997564935065 77
780 0.1 11608.15625 0.0 11963.44921875 11568.609375 11710.796674679486 78
790 0.1 11600.73046875 0.0 11963.44921875 11568.609375 11709.497428797467 79
800 0.1 11656.71875 0.0 11963.44921875 11568.609375 11708.137841796874 80
810 0.1 11679.4296875 0.0 11963.44921875 11568.609375 11707.503038194443 81
820 0.1 11682.38671875 0.0 11963.44921875 11568.609375 11707.160680259145 82
830 0.1 11638.453125 0.0 11963.44921875 11568.609375 11706.86219879518 83
840 0.1 11669.66015625 0.0 11963.44921875 11568.609375 11706.047805059523 84
850 0.1 11577.41796875 0.0 11963.44921875 11568.609375 11705.619715073528 85
860 0.1 11666.5 0.0 11963.44921875 11568.609375 11704.128997093021 86
870 0.1 11661.34375 0.0 11963.44921875 11568.609375 11703.696479885055 87
880 0.1 11622.5 0.0 11963.44921875 11568.609375 11703.215198863634 88
890 0.1 11538.2578125 0.0 11963.44921875 11538.2578125 11702.30828651685 89
900 0.1 11444.02734375 0.0 11963.44921875 11444.02734375 11700.48550347222 90
910 0.1 11432.4453125 0.0 11963.44921875 11432.4453125 11697.66728193681 91
913 0.1 11575.453125 0.0 11963.44921875 11432.4453125 11694.784434442932 92
