0 0.1 1.55078125 0 1.55078125 1.55078125 0 0
10 0.1 1.62109375 0.0 1.62109375 1.55078125 1.55078125 1
20 0.1 2.109375 0.0 2.109375 1.55078125 1.5859375 2
30 0.1 2.0 0.0 2.109375 1.55078125 1.7604166666666667 3
40 0.1 1.83984375 0.0 2.109375 1.55078125 1.8203125 4
50 0.1 2.23046875 0.0 2.23046875 1.55078125 1.82421875 5
60 0.1 2.37109375 0.0 2.37109375 1.55078125 1.8919270833333333 6
70 0.1 2.1484375 0.0 2.37109375 1.55078125 1.9603794642857142 7
80 0.1 1.98046875 0.0 2.37109375 1.55078125 1.98388671875 8
90 0.1 1.98046875 0.0 2.37109375 1.55078125 1.9835069444444444 9
100 0.1 1.8203125 0.0 2.37109375 1.55078125 1.983203125 10
110 0.1 1.83984375 0.0 2.37109375 1.55078125 1.9683948863636365 11
120 0.1 1.7109375 0.0 2.37109375 1.55078125 1.9576822916666667 12
130 0.1 1.66015625 0.0 2.37109375 1.55078125 1.9387019230769231 13
140 0.1 1.69921875 0.0 2.37109375 1.55078125 1.9188058035714286 14
150 0.1 1.6796875 0.0 2.37109375 1.55078125 1.9041666666666666 15
160 0.1 1.80859375 0.0 2.37109375 1.55078125 1.89013671875 16
170 0.1 1.609375 0.0 2.37109375 1.55078125 1.8853400735294117 17
180 0.1 1.96875 0.0 2.37109375 1.55078125 1.8700086805555556 18
190 0.1 1.8984375 0.0 2.37109375 1.55078125 1.875205592105263 19
200 0.1 1.828125 0.0 2.37109375 1.55078125 1.8763671875 20
210 0.1 2.078125 0.0 2.37109375 1.55078125 1.8740699404761905 21
220 0.1 2.44140625 0.0 2.44140625 1.55078125 1.8833451704545454 22
230 0.1 2.51953125 0.0 2.51953125 1.55078125 1.9076086956521738 23
240 0.1 2.98046875 0.0 2.98046875 1.55078125 1.93310546875 24
250 0.1 2.91015625 0.0 2.98046875 1.55078125 1.975 25
260 0.1 2.609375 0.0 2.98046875 1.55078125 2.010967548076923 26
270 0.1 2.53125 0.0 2.98046875 1.55078125 2.0331307870370368 27
280 0.1 2.44921875 0.0 2.98046875 1.55078125 2.050920758928571 28
290 0.1 2.53125 0.0 2.98046875 1.55078125 2.0646551724137927 29
300 0.1 2.44140625 0.0 2.98046875 1.55078125 2.0802083333333328 30
310 0.1 2.609375 0.0 2.98046875 1.55078125 2.0918598790322576 31
320 0.1 3.05078125 0.0 3.05078125 1.55078125 2.1080322265624996 32
330 0.1 2.80859375 0.0 3.05078125 1.55078125 2.1366003787878785 33
340 0.1 3.23046875 0.0 3.23046875 1.55078125 2.156364889705882 34
350 0.1 3.71875 0.0 3.71875 1.55078125 2.187053571428571 35
360 0.1 3.21875 0.0 3.71875 1.55078125 2.2296006944444438 36
370 0.1 3.12109375 0.0 3.71875 1.55078125 2.2563344594594588 37
380 0.1 2.859375 0.0 3.71875 1.55078125 2.2790912828947363 38
390 0.1 3.6484375 0.0 3.71875 1.55078125 2.2939703525641018 39
400 0.1 4.1484375 0.0 4.1484375 1.55078125 2.3278320312499994 40
410 0.1 3.73046875 0.0 4.1484375 1.55078125 2.3722370426829262 41
420 0.1 4.12109375 0.0 4.1484375 1.55078125 2.4045758928571423 42
430 0.1 4.12890625 0.0 4.1484375 1.55078125 2.444494912790697 43
440 0.1 4.4609375 0.0 4.4609375 1.55078125 2.482776988636363 44
450 0.1 4.23046875 0.0 4.4609375 1.55078125 2.5267361111111106 45
460 0.1 3.9609375 0.0 4.4609375 1.55078125 2.5637737771739126 46
470 0.1 3.87109375 0.0 4.4609375 1.55078125 2.5935006648936167 47
480 0.1 3.26953125 0.0 4.4609375 1.55078125 2.6201171874999996 48
490 0.1 3.23828125 0.0 4.4609375 1.55078125 2.633370535714285 49
500 0.1 3.26953125 0.0 4.4609375 1.55078125 2.6454687499999996 50
510 0.1 2.83984375 0.0 4.4609375 1.55078125 2.6577052696078427 51
520 0.1 3.26171875 0.0 4.4609375 1.55078125 2.661207932692307 52
530 0.1 2.76171875 0.0 4.4609375 1.55078125 2.6725383254716975 53
540 0.1 2.80078125 0.0 4.4609375 1.55078125 2.6741898148148144 54
550 0.1 2.51953125 0.0 4.4609375 1.55078125 2.6764914772727266 55
560 0.1 2.578125 0.0 4.4609375 1.55078125 2.673688616071428 56
570 0.1 2.41015625 0.0 4.4609375 1.55078125 2.672012061403508 57
580 0.1 2.3515625 0.0 4.4609375 1.55078125 2.667497306034482 58
590 0.1 2.30859375 0.0 4.4609375 1.55078125 2.662142478813559 59
600 0.1 2.41015625 0.0 4.4609375 1.55078125 2.6562499999999996 60
610 0.1 2.3515625 0.0 4.4609375 1.55078125 2.652215676229508 61
620 0.1 2.30078125 0.0 4.4609375 1.55078125 2.6473664314516125 62
630 0.1 2.109375 0.0 4.4609375 1.55078125 2.641865079365079 63
640 0.1 2.1015625 0.0 4.4609375 1.55078125 2.6335449218749996 64
650 0.1 2.1484375 0.0 4.4609375 1.55078125 2.6253605769230766 65
660 0.1 2.0390625 0.0 4.4609375 1.55078125 2.6181344696969693 66
670 0.1 1.87109375 0.0 4.4609375 1.55078125 2.6094916044776113 67
680 0.1 1.8203125 0.0 4.4609375 1.55078125 2.598632812499999 68
690 0.1 1.69921875 0.0 4.4609375 1.55078125 2.5873528079710137 69
700 0.1 1.58984375 0.0 4.4609375 1.55078125 2.574665178571428 70
710 0.1 1.33984375 0.0 4.4609375 1.33984375 2.560794454225351 71
720 0.1 1.578125 0.0 4.4609375 1.33984375 2.543836805555555 72
730 0.1 2.37109375 0.0 4.4609375 1.33984375 2.530607876712328 73
740 0.1 2.08984375 0.0 4.4609375 1.33984375 2.528452280405405 74
750 0.1 1.9296875 0.0 4.4609375 1.33984375 2.522604166666666 75
760 0.1 1.87109375 0.0 4.4609375 1.33984375 2.5148026315789465 76
770 0.1 1.8203125 0.0 4.4609375 1.33984375 2.5064427759740253 77
780 0.1 1.94140625 0.0 4.4609375 1.33984375 2.497646233974358 78
790 0.1 1.80078125 0.0 4.4609375 1.33984375 2.4906052215189867 79
800 0.1 1.83984375 0.0 4.4609375 1.33984375 2.4819824218749993 80
810 0.1 1.7109375 0.0 4.4609375 1.33984375 2.4740547839506166 81
820 0.1 1.69140625 0.0 4.4609375 1.33984375 2.4647484756097553 82
830 0.1 1.58984375 0.0 4.4609375 1.33984375 2.4554310993975896 83
840 0.1 2.26171875 0.0 4.4609375 1.33984375 2.4451264880952372 84
850 0.1 2.21875 0.0 4.4609375 1.33984375 2.4429687499999995 85
860 0.1 2.03125 0.0 4.4609375 1.33984375 2.4403615552325575 86
870 0.1 1.94921875 0.0 4.4609375 1.33984375 2.4356591235632177 87
880 0.1 2.359375 0.0 4.4609375 1.33984375 2.4301313920454537 88
890 0.1 2.4609375 0.0 4.4609375 1.33984375 2.4293363764044935 89
900 0.1 2.96875 0.0 4.4609375 1.33984375 2.429687499999999 90
910 0.1 2.87890625 0.0 4.4609375 1.33984375 2.435611263736263 91
913 0.1 2.44140625 0.0 4.4609375 1.33984375 2.440429687499999 92
