0 1.5 163.48546666666667 157.4600335923867 541.789 53.434 0 0
10 2.1 171.4177142857143 138.44702615738314 541.789 52.925 163.48546666666667 15
20 1.8 200.36950000000002 100.1569336897795 541.789 52.502 168.1126111111111 36
30 2.2 144.08409090909092 106.9148661586358 541.789 52.301 178.8649074074074 54
40 3.2 178.40431249999997 116.38392446860883 541.789 52.195 168.7967763157895 76
50 2 173.75650000000002 157.56862247335286 541.789 51.461 171.6434537037037 108
60 2.8 198.67396428571425 129.2639652625262 541.789 51.461 171.9736171875 128
70 2 171.00590000000003 116.0573848356493 541.789 51.461 176.76598717948718 156
80 1.6 185.82762499999998 115.16862326328022 541.789 51.461 176.1114318181818 176
90 1.6 150.841375 106.3613835162197 541.789 51.461 176.92111458333332 192
100 2 155.31459999999998 108.79042021630397 541.789 51.461 174.91498076923077 208
110 2 201.67479999999998 135.51511958102682 541.789 51.461 173.19564912280703 228
120 1.4 133.9953571428572 103.12990988665506 541.789 51.461 175.49235483870967 248
130 2.2 153.3006363636364 106.18866466836084 541.789 50.945 173.27495801526717 262
140 2.4 219.09945833333327 150.1037519870226 541.789 50.829 171.7276514084507 284
150 1.4 185.03414285714285 113.24066397333799 541.789 50.829 175.41896103896102 308
160 1.4 172.94207142857144 119.18991075678002 541.789 50.829 175.83701242236023 322
170 1 208.59099999999998 133.3996915033914 541.789 50.829 175.71638988095236 336
180 1.2 163.36099999999996 130.60380803470727 541.789 50.829 176.66652312138729 346
190 1.2 161.4634166666667 106.96551567012794 541.789 50.829 176.2205279329609 358
200 1.1 154.35654545454545 106.85218681929777 541.789 50.829 175.7419189189189 370
210 1.5 172.9093333333333 127.94293890984719 541.789 50.829 175.1244934383202 381
220 3 160.00490000000002 111.37426945375073 541.789 50.829 175.04058585858587 396
230 2 195.74074999999993 135.31671744720794 541.789 50.829 173.98173474178404 426
240 2.8 200.44789285714293 146.3827352684294 541.789 50.448 174.95747533632286 446
250 1.6 169.72862499999997 114.74681215989999 541.789 50.448 176.46323839662446 474
260 1.4 160.35771428571425 106.42963026098415 541.789 50.448 176.2433326530612 490
270 1.5 190.95333333333338 133.58476155194083 541.789 50.448 175.80206547619048 504
280 1.5 143.21426666666667 102.8318897297699 541.789 50.448 176.2399633911368 519
290 2.6 209.18634615384616 169.07239861326184 600.881 50.448 175.3122752808989 534
300 2.3 156.80917391304348 117.53318559588854 600.881 50.448 176.88500000000002 560
310 2.5 198.40391999999997 132.34754113467162 600.881 50.14 176.09298627787308 583
320 2.3 153.8973043478261 127.45437504709872 600.881 50.14 177.01037664473685 608
330 2 196.87754999999999 135.31507908266357 600.881 50.14 176.16790332805073 631
340 2 211.29345000000004 118.19022799346614 600.881 50.14 176.8041443932412 651
350 1.6 143.18881249999998 111.73728066832638 600.881 50.14 177.83214157973177 671
360 2 185.3 153.90589049610804 600.881 50.14 177.02531004366813 687
370 1.8 217.13916666666668 120.71756703803854 600.881 50.14 177.2593889674682 707
380 1.6 217.63400000000001 197.07839009072 600.881 50.14 178.24950758620693 725
390 1.7 130.43882352941176 102.32599094660237 600.881 50.14 179.0999149797571 741
400 3.1 219.2942580645161 170.7665689468196 600.881 50.14 178.00857124010554 758
410 2.5 179.78831999999994 147.772404664936 600.881 50.14 179.6306958174905 789
420 1.9 260.00831578947367 223.79137442764872 699.357 50.14 179.63553685503683 814
430 1.5 169.46733333333336 106.27981692975493 699.357 50.14 181.4687695078031 833
440 1.6 179.84212499999998 110.59117103032852 699.357 50.14 181.25647995283018 848
450 1 164.2604 107.80423579173501 699.357 50.14 181.23028819444443 864
460 1.7 167.9028823529412 138.33848005393588 699.357 50.14 181.03612471395877 874
470 1.8 150.23183333333333 104.37403699422677 699.357 50.14 180.78554657687988 891
480 1.4 253.82771428571436 196.9397911898923 699.357 50.14 180.18052255225518 909
490 0.9 241.8008888888889 105.3114713920826 699.357 50.14 181.29759804983743 923
500 1.5 120.798 108.50902748250948 699.357 50.14 181.8818572961373 932
510 1.7 239.44176470588232 189.69962846207827 699.357 50.14 180.91431995776134 947
520 2.2 172.17031818181815 115.69186183698423 699.357 50.14 181.94644294605808 964
530 3.3 165.79033333333334 142.1723905340331 699.357 50.14 181.7283144016227 986
540 2 227.64139999999998 130.54989607671087 699.357 50.14 181.21216781157997 1019
550 2 140.8753 102.86226000049776 699.357 50.14 182.1058970163619 1039
560 2.7 174.79948148148148 126.501649579457 699.357 50.14 181.32722662889518 1059
570 3.3 215.27909090909085 199.9031891308608 699.357 50.14 181.16493462246777 1086
580 2.3 300.60765217391304 266.77289564927014 823.379 50.14 182.17098212689902 1119
590 1.9 173.39689473684209 131.42977198404625 823.379 50.14 184.55630910683013 1142
600 1.9 183.77957894736846 110.96866594452206 823.379 50.14 184.37368303186906 1161
610 1.3 172.268 103.2872244144007 823.379 50.14 184.36411694915253 1180
620 1.7 224.1877647058824 194.2392051101605 823.379 50.14 184.23230678960604 1193
630 1.6 206.44887500000002 138.3246201566604 823.379 50.14 184.79366446280994 1210
640 1.2 127.03466666666664 99.07213661715835 823.379 50.14 185.07627732463297 1226
650 2.2 165.39759090909092 109.56823821779206 823.379 50.14 184.51367689822297 1238
660 2.5 189.44336000000004 147.5122812221084 823.379 50.14 184.179903968254 1260
670 2.9 205.69624137931038 164.25877005225527 823.379 50.14 184.28230583657592 1285
680 1.4 199.02914285714286 136.38872354511318 823.379 50.14 184.75491171993917 1314
690 3.6 168.5831666666667 133.4245586509262 823.379 50.14 184.90539307228923 1328
700 1.7 185.01111764705888 109.6812010895976 823.379 49.984 184.4746011730206 1364
710 1.9 178.1163684210526 103.51249496467388 823.379 49.984 184.4812056480812 1381
720 2.1 159.69961904761902 108.15356221175969 823.379 49.984 184.39482571428582 1400
730 1.9 161.27294736842103 128.2040278657314 823.379 49.984 184.02987192118238 1421
740 1.9 173.05231578947368 112.74957706586689 823.379 49.984 183.72960694444453 1440
750 1.8 178.38394444444444 110.04761821920154 823.379 49.984 183.590560657985 1459
760 1.3 139.8883076923077 101.86870940154338 823.379 49.984 183.52710832769137 1477
770 2.5 200.81288 190.47647524443957 823.379 49.984 183.1463671140941 1490
780 2.1 198.55809523809526 136.89305457420986 823.379 49.984 183.43789372937303 1515
790 2.9 171.90658620689655 125.23690199185874 823.379 49.984 183.6446152343751 1536
800 2.2 202.24409090909094 130.47074749603286 823.379 49.984 183.42710543131 1565
810 2.2 214.33368181818193 156.86351273186693 823.379 49.984 183.6879584120984 1587
820 1.8 139.01238888888892 101.70613928052114 823.379 49.984 184.10698011187083 1609
830 2.5 183.94980000000004 128.4369217569465 823.379 49.984 183.6080848186848 1627
840 1.7 166.99576470588238 105.35544153429291 823.379 49.984 183.61325605326886 1652
850 2.6 186.81849999999997 145.78642505925473 823.379 49.984 183.44399460754954 1669
860 2.6 235.51238461538463 182.03701420232707 823.379 49.984 183.4957569321535 1695
870 1.5 193.61986666666672 112.58999984537802 823.379 49.984 184.28159790819302 1721
880 2 122.42249999999999 96.47842408357425 823.379 49.984 184.36228571428583 1736
890 2.6 194.57792307692313 147.3673509319021 823.379 49.984 183.65682118451036 1756
900 1.6 421.79843750000003 311.4153158629101 936.802 49.984 183.81616386083064 1782
910 0.1 270.826 0.0 936.802 49.984 185.93391490545062 1798
913 0.1 279.757 0.0 936.802 49.984 185.98110339077277 1799
