0 0.5 1742.6564000000003 924.5512678376684 3215.026 681.991 0 0
10 1.1 4261.046909090909 3584.0667608532335 12319.537 536.319 1742.6564000000003 5
20 1 5317.7762999999995 3058.1657028977043 12319.537 536.319 3474.049875 16
30 0.9 3182.6316666666667 1334.3170174738168 12319.537 536.319 4183.175423076923 26
40 1.7 3888.5207647058824 3643.5403701993014 13163.437 536.319 3925.8927428571433 35
50 0.9 6114.036555555557 5043.253354438473 16187.516 536.319 3913.6749807692313 52
60 1.7 5201.235882352941 4534.766081923208 18834.153 482.487 4238.318491803279 61
70 0.8 4443.654749999999 3011.5066572361975 18834.153 482.487 4448.185102564103 78
80 0.9 4761.520666666667 3326.9707010015713 18834.153 394.273 4447.763674418605 86
90 0.7 3744.1424285714274 3162.016749670277 18834.153 394.273 4477.488021052632 95
100 0.9 4100.8876666666665 3352.4056398541297 18834.153 394.273 4427.160382352941 102
110 1.1 5890.14009090909 5479.220298639852 21004.124 394.273 4400.705837837838 111
120 0.5 1812.8156000000004 496.3415267150635 21004.124 394.273 4534.999090163934 122
130 1.2 8459.023416666667 7601.30569130503 24836.844 378.941 4427.826511811023 127
140 1.2 5856.429250000001 5484.233337973764 24836.844 378.941 4775.8435107913665 139
150 0.8 9641.493375 6737.46014297003 24836.844 378.941 4861.7178741721855 151
160 0.7 9253.755857142856 9900.703044475744 29316.993 378.941 5102.20972327044 159
170 0.7 3528.774285714286 2956.4571362627707 29316.993 378.941 5277.274921686746 166
180 0.4 8076.626 4580.164208232004 29316.993 378.941 5206.526341040462 173
190 0.6 6645.053333333333 2881.7926212075395 29316.993 378.941 5271.387350282485 177
200 0.5 6952.4638 4202.691286108338 29316.993 378.941 5316.425579234971 183
210 0.7 6294.488428571428 4399.542113176158 29316.993 378.941 5359.937234042552 188
220 1.4 4846.213214285714 4236.97074402579 29316.993 350.3 5393.485225641024 195
230 1.1 5029.825818181817 3136.278565006617 29316.993 350.3 5356.825856459329 209
240 1.6 4906.48075 3682.1318851201454 29316.993 350.3 5340.475854545454 220
250 0.8 6220.014 5313.9590333032065 29316.993 350.3 5311.052457627118 236
260 0.6 4577.156166666667 2303.4804920093866 29316.993 350.3 5340.854475409836 244
270 0.8 4691.53225 3029.657053538435 29316.993 350.3 5322.525715999999 250
280 0.7 7937.026857142859 8477.03980184996 29316.993 350.3 5302.960027131781 258
290 1.3 3971.6853076923076 2763.8342502294327 29316.993 350.3 5372.539150943396 265
300 1 4750.1978 3487.985393803013 29316.993 350.3 5307.031597122302 278
310 1.4 4327.077071428571 2681.535366348207 29316.993 350.3 5287.697090277778 288
320 0.9 5532.8348888888895 3605.8999630948797 29316.993 350.3 5243.165036423841 302
330 1.1 6561.414636363636 7034.731673195506 29316.993 350.3 5251.547765273312 311
340 1.3 5868.091384615385 5481.590790375456 29316.993 350.3 5296.294770186335 322
350 0.6 5230.6315 2973.2301449660636 29316.993 350.3 5318.483892537313 335
360 0.9 3675.9521111111117 1364.8974017287444 29316.993 350.3 5316.938102639297 341
370 1.2 6010.685833333333 5692.718556265711 29316.993 350.3 5274.74132 350
380 0.7 4050.4437142857146 5200.6091721365465 29316.993 350.3 5299.137270718232 362
390 0.6 5154.965499999999 2545.4784464462177 29316.993 350.3 5275.44931707317 369
400 1.7 4305.3942941176465 3181.104918889953 29316.993 350.3 5273.521575999999 375
410 1.1 3564.5670909090913 3144.8818045737703 29316.993 350.3 5231.536464285714 392
420 1.1 5556.854636363637 5417.2278874572385 29316.993 350.3 5186.036059553349 403
430 0.9 6348.998666666665 4482.309781996826 29316.993 350.3 5195.8887270531395 414
440 0.8 4002.918125 3398.9146940167693 29316.993 350.3 5220.422981087469 423
450 0.5 2843.8616 1172.1241310333305 29316.993 350.3 5197.824283062645 431
460 0.7 2451.4108571428574 1369.6803329842467 29316.993 350.3 5170.8292981651375 436
470 0.8 4155.023249999999 3879.9195082087 29316.993 346.261 5127.858803611739 443
480 0.8 9458.410750000001 4448.7338956499125 29316.993 346.261 5110.602297117517 451
490 0.7 6589.594714285714 4313.611613403213 29316.993 346.261 5186.381093681918 459
500 0.5 3372.3021999999996 1914.080818385828 29316.993 346.261 5207.459409871246 466
510 0.9 7083.584444444444 3906.8387367615924 29316.993 346.261 5187.977910828026 471
520 1.1 3322.6306363636363 3760.3161806364656 29316.993 346.261 5223.520533333333 480
530 1.5 3797.1500666666675 2417.9617494331455 29316.993 346.261 5180.934405295316 491
540 1.2 7150.26925 3338.7751317652182 29316.993 346.261 5139.913130434783 506
550 0.8 5150.479375 3484.557772859705 29316.993 346.261 5186.485086872588 518
560 1.3 4678.2449230769225 5062.203663188127 29316.993 346.261 5185.93747148289 526
570 1.6 4580.818624999999 4779.88059760096 29316.993 346.261 5173.692567717997 539
580 1.4 6637.039928571429 6791.262178360003 29738.297 346.261 5156.600706306306 555
590 0.8 7055.473749999999 6286.599373614537 29738.297 346.261 5193.026275922671 569
600 1.2 4287.126166666666 4134.103733946489 29738.297 336.804 5218.848771230501 577
610 0.6 8282.978000000001 8328.897530787215 29738.297 336.804 5199.866307300508 589
620 0.8 4989.291625 3322.376517796671 29738.297 336.804 5230.956509243696 595
630 0.9 5452.534888888888 2904.7174969019097 29738.297 336.804 5227.750341625207 603
640 0.5 3654.7966 4093.7696553815335 29738.297 336.804 5231.055996732025 612
650 1.1 6247.969272727274 6675.300694587392 29738.297 336.804 5218.282419773095 617
660 1.1 7511.902272727271 5105.729762941562 29738.297 336.804 5236.31833598726 628
670 1.5 5180.6786 4068.589844600687 29738.297 336.804 5275.491142410014 639
680 0.8 6710.548375 6601.986577953165 29738.297 336.804 5273.316542813454 654
690 1.6 4035.956000000001 5396.054036463509 29738.297 336.804 5290.684903323261 662
700 1 5182.2456999999995 3311.737965261746 29738.297 336.804 5261.074781710913 678
710 1.1 6685.18909090909 5713.605568549122 29738.297 336.804 5259.929010174417 688
720 1 3248.1827999999996 1879.2833112838946 29738.297 336.804 5282.357995708153 699
730 0.8 5302.4439999999995 3501.1249883738797 29738.297 336.804 5253.667231311705 709
740 1.1 5387.466454545454 4066.7442266446415 29738.297 336.804 5254.211463040445 717
750 0.9 5042.630222222222 4528.111387687679 29738.297 336.804 5256.22493131868 728
760 0.5 5439.3598 2766.0429644651144 29738.297 336.804 5253.616583446403 737
770 1.3 4648.368307692308 3090.9834057264634 29738.297 336.804 5254.868222371966 742
780 1 9146.0477 9591.223257247075 34717.636 336.804 5244.425177483443 755
790 1.4 5390.103071428572 4063.110332733541 34717.636 336.804 5295.426779084967 765
800 1.3 6619.874384615386 6247.581705897036 34717.636 336.804 5297.12827856226 779
810 1.1 4381.153909090909 3867.0738860621373 34717.636 336.804 5318.84002020202 792
820 0.7 6018.7234285714285 4867.932302863883 34717.636 336.804 5305.995004981321 803
830 1.3 4160.059384615386 2275.7128378130915 34717.636 336.804 5312.154386419754 810
840 1 6460.123700000001 3852.5158783672277 34717.636 336.804 5293.956044957473 823
850 1.1 4211.236363636364 2990.495500718516 34717.636 336.804 5307.955656662665 833
860 1.4 6566.154214285715 7516.026543480816 34717.636 336.804 5293.661921800947 844
870 0.9 5344.556888888889 5398.385716833248 34717.636 336.804 5314.425199300699 858
880 0.7 7431.910428571428 8134.860241457868 34717.636 336.804 5314.737985005767 867
890 1.3 5378.698846153846 4563.33286993822 34717.636 336.804 5331.694743707093 874
900 1.1 7212.604 4160.32978698302 34717.636 336.804 5332.383642615558 887
910 0.1 9761.312 0.0 34717.636 336.804 5355.4152951002225 898
913 0.1 22548.165 0.0 34717.636 336.804 5360.316181312569 899
