0 10.62890625 10.62890625
10 13.42734375 24.05625
20 8.3953125 32.4515625
30 14.378125 46.8296875
40 18.0734375 64.903125
50 13.203125 78.10625
60 14.996875 93.103125
70 11.75 104.853125
80 8.6734375 113.5265625
90 10.1265625 123.653125
100 12.4765625 136.1296875
110 11.0234375 147.153125
120 9.678125 156.83125
130 13.6515625 170.4828125
140 12.646875 183.1296875
150 7.4984375 190.628125
160 8.225 198.853125
170 5.1484375 204.0015625
180 7.7765625 211.778125
190 7.05 218.828125
200 6.82578125 225.65390625
210 9.17578125 234.8296875
220 18.3515625 253.18125
230 11.0234375 264.2046875
240 15.7234375 279.928125
250 9.4 289.328125
260 8.225 297.553125
270 8.44921875 306.00234375
280 9.90234375 315.9046875
290 14.5484375 330.453125
300 14.60234375 345.05546875
310 13.59765625 358.653125
320 15.32890625 373.98203125
330 11.0234375 385.00546875
340 9.5703125 394.57578125
350 10.853125 405.42890625
360 12.4765625 417.90546875
370 8.3953125 426.30078125
380 10.1265625 436.42734375
390 11.80390625 448.23125
400 17.12265625 465.35390625
410 15.77734375 481.13125
420 10.07265625 491.20390625
430 8.44921875 499.653125
440 8.6734375 508.3265625
450 5.875 514.2015625
460 11.07734375 525.27890625
470 11.3015625 536.58046875
480 7.4984375 544.07890625
490 3.47109375 547.55
500 11.35546875 558.90546875
510 8.89765625 567.803125
520 12.925 580.728125
530 21.20390625 601.93203125
540 9.5703125 611.50234375
550 13.203125 624.70546875
560 16.22578125 640.93125
570 19.75078125 660.68203125
580 12.42265625 673.1046875
590 11.52578125 684.63046875
600 10.07265625 694.703125
610 7.27421875 701.97734375
620 10.35078125 712.328125
630 8.6734375 721.0015625
640 8.503125 729.5046875
650 12.925 742.4296875
660 15.05078125 757.48046875
670 16.67421875 774.1546875
680 7.4984375 781.653125
690 22.603125 804.25625
700 8.89765625 813.15390625
710 10.07265625 823.2265625
720 12.70078125 835.92734375
730 12.25234375 848.1796875
740 10.79921875 858.97890625
750 9.8484375 868.82734375
760 8.72734375 877.5546875
770 16.50390625 894.05859375
780 11.24765625 905.30625
790 17.40078125 922.70703125
800 11.471875 934.17890625
810 12.1984375 946.37734375
820 12.028125 958.40546875
830 14.32421875 972.7296875
840 9.62421875 982.35390625
850 16.0015625 998.35546875
860 14.5484375 1012.90390625
870 7.72265625 1020.6265625
880 14.65625 1035.2828125
890 15.275 1050.5578125
900 6.49375 1057.0515625
910 0.22421875 1057.27578125
913 0.22421875 1057.5
