0 4.28515625 4.28515625
10 6.7703125 11.05546875
20 5.82734375 16.8828125
30 6.6203125 23.503125
40 10.2875 33.790625
50 5.971875 39.7625
60 9.9953125 49.7578125
70 5.5234375 55.28125
80 5.21875 60.5
90 4.89375 65.39375
100 6.146875 71.540625
110 6.484375 78.025
120 4.0640625 82.0890625
130 7.575 89.6640625
140 7.1703125 96.834375
150 4.6015625 101.4359375
160 4.84765625 106.28359375
170 3.3296875 109.61328125
180 3.20703125 112.8203125
190 3.790625 116.6109375
200 3.39453125 120.00546875
210 5.0625 125.06796875
220 8.89921875 133.9671875
230 6.515625 140.4828125
240 9.42421875 149.90703125
250 4.64765625 154.5546875
260 4.4265625 158.98125
270 4.81015625 163.79140625
280 4.8875 168.67890625
290 8.02734375 176.70625
300 7.02890625 183.73515625
310 8.15234375 191.8875
320 6.81640625 198.70390625
330 6.503125 205.20703125
340 6.840625 212.04765625
350 4.7125 216.76015625
360 6.146875 222.90703125
370 6.2046875 229.11171875
380 4.89375 234.00546875
390 4.95234375 238.9578125
400 10.04140625 248.99921875
410 7.66484375 256.6640625
420 6.28203125 262.94609375
430 5.25 268.19609375
440 4.85390625 273.05
450 3.1484375 276.1984375
460 5.13984375 281.33828125
470 5.5109375 286.84921875
480 4.6015625 291.45078125
490 3.27109375 294.721875
500 4.5375 299.259375
510 5.2125 304.471875
520 6.9515625 311.4234375
530 10.00859375 321.43203125
540 6.865625 328.29765625
550 5.971875 334.26953125
560 8.44453125 342.7140625
570 10.35234375 353.06640625
580 7.925 360.99140625
590 5.5296875 366.52109375
600 6.26953125 372.790625
610 4.21796875 377.00859375
620 5.26484375 382.2734375
630 5.24375 387.5171875
640 3.86171875 391.37890625
650 6.9640625 398.34296875
660 7.4125 405.75546875
670 9.28046875 415.0359375
680 4.6140625 419.65
690 11.040625 430.690625
700 5.64609375 436.33671875
710 6.671875 443.00859375
720 6.134375 449.14296875
730 6.146875 455.28984375
740 6.10703125 461.396875
750 5.47109375 466.86796875
760 3.83671875 470.7046875
770 8.659375 479.3640625
780 6.08203125 485.44609375
790 9.04921875 494.4953125
800 7.3078125 501.803125
810 6.72421875 508.52734375
820 5.3359375 513.86328125
830 7.96484375 521.828125
840 5.8609375 527.6890625
850 7.65234375 535.34140625
860 8.4046875 543.74609375
870 4.99765625 548.74375
880 6.01796875 554.76171875
890 8.1921875 562.95390625
900 5.36640625 568.3203125
910 0.40859375 568.72890625
913 0.40234375 569.13125
