0 0.5 371.72020000000003 97.0333305445093 542.275 276.165 0 0
10 0.9 323.9786666666667 63.961802267707654 542.275 266.437 371.72020000000003 5
20 1.2 271.38866666666667 3.783291431486024 542.275 265.75 341.0292142857143 14
30 0.9 272.51944444444445 9.559147150604668 542.275 262.813 308.8874230769231 26
40 1.7 285.3043529411765 34.27468570404003 542.275 262.813 299.53565714285713 35
50 0.8 348.80687500000005 105.4138696833077 542.275 262.813 294.88311538461534 52
60 1.6 305.0089374999999 53.997937214615824 542.275 262.813 302.07294999999993 60
70 1 285.2336 30.0274081605456 542.275 262.813 302.6910526315789 76
80 0.9 285.0378888888888 33.84530840109792 542.275 262.732 300.66111627906974 86
90 0.7 271.575 4.746587887254228 542.275 262.732 299.1810210526316 95
100 0.9 275.3688888888888 11.73544047788049 542.275 262.732 297.28649019607843 102
110 1.1 320.0416363636363 48.51731167564216 542.275 262.732 295.5093873873874 111
120 0.5 272.62659999999994 3.3730179127896514 542.275 262.732 297.72131147540983 122
130 1 269.7275000000001 4.710937236898832 542.275 262.062 296.7333307086614 127
140 1.4 336.17421428571436 76.29234248522361 542.275 261.761 294.76210218978105 137
150 0.8 282.41274999999996 18.92297650179537 542.275 261.761 298.6016357615894 151
160 0.7 289.8034285714285 34.26094357743707 542.275 261.761 297.78710062893083 159
170 0.6 310.1285 63.315497283445545 542.275 261.761 297.45043975903616 166
180 0.5 312.916 51.879138227229646 542.275 261.761 297.8926976744186 172
190 0.6 268.57366666666667 4.13738571510508 542.275 261.761 298.3170847457627 177
200 0.5 271.5082 2.8485000544145995 542.275 261.761 297.34189071038253 183
210 0.7 305.26185714285714 48.44120039632312 542.275 261.761 296.6548244680851 188
220 1.4 278.0118571428571 22.585758571836937 542.275 261.761 296.9637948717949 195
230 1.1 310.0068181818182 66.22434478459382 542.275 261.761 295.6942870813397 209
240 1.5 324.76700000000005 82.33775033037196 542.275 261.761 296.4099136363636 220
250 0.8 282.95687499999997 27.838332185304765 542.275 261.761 298.21994042553195 235
260 0.7 266.97085714285714 2.935604460928017 542.275 261.761 297.7174526748971 243
270 0.8 309.16874999999993 59.98046468799237 542.275 261.761 296.85654800000003 250
280 0.6 269.36 3.044247909309191 542.275 261.761 297.2383217054264 258
290 1.4 338.8431428571429 129.4602370519652 601.049 261.761 296.60472348484853 264
300 1 288.40600000000006 34.7675713647071 601.049 261.761 298.73183812949645 278
310 1.4 310.4337142857143 53.374350627603604 601.049 261.761 298.3733020833334 288
320 0.9 304.88822222222217 64.29744577919402 601.049 261.761 298.93239403973513 302
330 1.1 313.1464545454545 57.58018713911241 601.049 261.761 299.10474919614154 311
340 1.3 294.42907692307693 42.835141352473585 601.049 260.466 299.58443478260875 322
350 0.6 286.11899999999997 25.693274781545462 601.049 260.466 299.38437611940304 335
360 0.9 343.7602222222222 84.21597012678214 601.049 259.948 299.1509677419355 341
370 1.2 296.815 53.86881792682417 601.049 259.948 300.2980628571429 350
380 0.7 426.56585714285717 106.27600882933963 601.049 259.948 300.1826022099448 362
390 0.6 269.1338333333333 3.685262379472522 601.049 259.948 302.58011653116534 369
400 1.7 354.226 113.79153346671217 601.049 259.948 302.044976 375
410 1.1 334.57 83.23152321959839 601.049 259.948 304.3079285714286 392
420 1.1 409.1563636363637 183.96162340468177 699.524 259.948 305.1339404466502 403
430 0.8 268.990875 3.2935871188379133 699.524 259.948 307.8978212560387 414
440 0.9 276.7025555555556 19.50518899114406 699.524 259.948 307.1602488151659 422
450 0.5 272.378 2.266642362614787 699.524 259.948 306.524241299304 431
460 0.7 321.90928571428566 79.21054353288778 699.524 259.948 306.1326559633028 436
470 0.8 267.08712499999996 2.455206174514682 699.524 259.948 306.3819480812641 443
480 0.8 401.168125 131.87704798925162 699.524 259.948 305.6849223946785 451
490 0.7 294.88514285714285 41.078766146544 699.524 259.948 307.3491176470588 459
500 0.4 298.8985 30.66957002062469 699.524 259.948 307.1618905579399 466
510 1 367.7949 145.7679718308861 699.524 259.948 307.0915638297872 470
520 1.1 286.66700000000003 24.83094110177863 699.524 259.948 308.3562166666667 480
530 1.4 316.32557142857144 91.59923041061165 699.524 259.948 307.87030753564153 491
540 1.3 318.4543076923077 52.322534431064604 699.524 259.948 308.1047108910891 505
550 0.8 267.02375 2.8170473349768193 699.524 259.948 308.3644498069498 518
560 1.3 301.69869230769234 47.54508142705536 699.524 259.948 307.73569391634976 526
570 1.6 384.8674375 163.37570486801607 699.524 259.948 307.5900890538033 539
580 1.3 488.1003076923077 212.53580472634386 823.496 259.948 309.81790450450444 555
590 0.9 303.2127777777778 67.33092022206898 823.496 259.948 313.8983116197183 568
600 1.1 277.68954545454545 20.403213500746038 823.496 259.948 313.73163951473134 577
610 0.7 267.93685714285715 6.026957759660733 823.496 259.948 313.0573826530612 588
620 0.8 411.82925000000006 117.82653964488433 823.496 259.948 312.5265529411764 595
630 0.9 322.9703333333333 55.5310305424914 823.496 259.948 313.84400165837474 603
640 0.4 267.34950000000003 3.6579815814189267 823.496 259.948 313.9782124183006 612
650 1.1 274.6343636363636 15.463002914715362 823.496 259.948 313.6754285714285 616
660 1.2 334.2525 71.32524332181886 823.496 259.948 312.9904976076554 627
670 1.5 346.03440000000006 107.00760659865884 823.496 259.948 313.3897840375586 639
680 0.8 307.50575 72.0819529749819 823.496 259.948 314.13851376146783 654
690 1.6 309.7145 65.37176191311505 823.496 259.948 314.05835951661624 662
700 1 276.03869999999995 19.894505151171764 823.496 259.36 313.9558495575221 678
710 1.1 266.5263636363636 4.891416252853305 823.496 259.36 313.40472819767433 688
720 1 273.1536 8.529013896107804 823.496 259.36 312.6670143061516 699
730 0.8 306.01775 54.12094852215267 823.496 259.36 312.1097023977432 709
740 1 279.5192 17.502512761315174 823.496 259.36 312.041730822873 717
750 1 275.77549999999997 22.92301329777568 823.496 258.596 311.59437826684996 727
760 0.5 268.9072 5.722349950850602 823.496 258.596 311.10836906377193 737
770 1 420.0947 103.3425056838182 823.496 258.596 310.8239946091643 742
780 1.2 307.68450000000007 71.30773945547566 823.496 258.596 312.2770624999999 752
790 1.4 297.0260714285714 47.99567613481193 823.496 258.596 312.20492801047106 764
800 1.3 303.47969230769235 62.0776735505108 823.496 258.596 311.9317866323906 778
810 1.2 347.18425 79.91628630544696 823.496 258.596 311.79287737041705 791
820 0.7 266.55914285714283 5.143068134560801 823.496 258.596 312.3217646326275 803
830 1.3 302.6712307692308 49.44437157072249 823.496 258.596 311.926285185185 810
840 0.9 266.50177777777776 3.252669255234944 823.496 258.596 311.78009356014564 823
850 1.2 338.14691666666664 60.132478591659506 823.496 258.596 311.2903040865383 832
860 1.4 389.5363571428571 101.18285016148248 823.496 258.596 311.6721516587676 844
870 0.9 283.64355555555557 31.146177176201864 823.496 258.596 312.94266317016303 858
880 0.6 269.66383333333334 3.352576989753133 823.496 258.596 312.6385201845443 867
890 1.3 333.81300000000005 68.94460501345657 823.496 258.596 312.3431615120274 873
900 1.2 544.55425 263.1198533685505 936.92 258.596 312.65818171557555 886
910 0.1 271.02 0.0 936.92 258.596 315.75701559020035 898
913 0.1 280.056 0.0 936.92 258.596 315.7072525027808 899
