0 0.5 1368.6306 873.8647977406115 2828.706 403.456 0 0
10 1 4313.0311 3575.7466819043393 12049.48 317.022 1368.6306 5
20 1.1 4609.408272727273 3225.1615950814025 12049.48 259.965 3331.5642666666668 15
30 0.9 2908.1343333333334 1337.8932379633286 12049.48 259.965 3872.1905769230766 26
40 1.7 3601.2162352941177 3643.3801534116237 12888.988 259.965 3624.2904 35
50 0.8 4504.05 3828.646280912909 12888.988 259.965 3616.746923076923 52
60 1.8 5500.201333333333 5079.2983838376185 18515.027 139.021 3735.0539999999996 60
70 0.8 4171.287625 3014.8888881057433 18515.027 139.021 4142.395692307692 78
80 0.9 4474.488888888889 3309.313366307426 18515.027 124.045 4145.083313953488 86
90 0.7 3470.5991428571433 3160.147588461717 18515.027 124.045 4176.290157894737 95
100 0.9 3823.563444444444 3354.1407228025582 18515.027 124.045 4127.860382352941 102
110 1.1 5568.118181818182 5482.989953857008 20640.885 124.045 4103.187657657657 111
120 0.5 1538.1288 497.32013787676044 20640.885 124.045 4235.271557377048 122
130 1.2 8158.859916666667 7600.896260058825 24560.129 114.942 4129.084834645668 127
140 1.2 5535.677333333332 5443.782680541205 24560.129 114.942 4476.9790863309345 139
150 0.8 9357.1215 6734.671040647921 24560.129 114.942 4561.114046357615 151
160 0.8 8977.321 9256.244970735745 29041.048 114.942 4802.422597484275 159
170 0.6 2245.1836666666663 1811.278833776168 29041.048 114.942 5002.41773053892 167
180 0.4 7751.10325 4564.783015399438 29041.048 114.942 4906.791115606935 173
190 0.6 6374.494833333333 2882.7805703313834 29041.048 114.942 4971.069355932203 177
200 0.5 6678.996399999999 4202.241106330126 29041.048 114.942 5017.083306010928 183
210 0.8 6380.187375 4261.422847917345 29041.048 114.942 5061.283122340425 188
220 1.3 4215.132923076923 4187.558088782355 29041.048 83.014 5115.115948979591 196
230 1.1 4717.826272727273 3130.715509936698 29041.048 83.014 5059.13614354067 209
240 1.6 4583.350625 3707.405839988554 29041.048 83.014 5042.07065 220
250 0.7 6655.24357142857 5284.981930324532 29041.048 83.014 5010.970987288135 236
260 0.7 3820.3338571428567 2445.347275313697 29041.048 83.014 5058.336864197531 243
270 0.8 4380.409875 3054.0476879496514 29041.048 83.014 5023.67278 250
280 0.7 7665.906714285714 8476.811077654746 29041.048 83.014 5003.726643410853 258
290 1.3 3625.408 2754.4411317299646 29041.048 83.014 5074.048381132076 265
300 1 4459.714900000001 3473.686376123195 29041.048 83.014 5006.306205035972 278
310 1.4 4014.6411428571423 2693.9566061056485 29041.048 83.014 4987.327340277779 288
320 0.9 5225.94 3592.722280355756 29041.048 83.014 4942.235927152318 302
330 1.1 6246.305818181819 7033.6682548486715 29041.048 83.014 4950.446012861737 311
340 1.3 5571.676307692307 5477.465736552674 29041.048 83.014 4994.71451552795 322
350 0.6 4942.464666666667 2957.0518712156913 29041.048 83.014 5017.10407761194 335
360 0.9 3330.1602222222227 1430.4743662309118 29041.048 83.014 5015.790774193548 341
370 1.2 5711.912499999999 5709.976873609041 29041.048 83.014 4972.445988571429 350
380 0.7 3621.8934285714286 5188.97768661342 29041.048 83.014 4996.958690607735 362
390 0.6 4883.786666666667 2545.285176058842 29041.048 83.014 4970.873441734418 369
400 1.7 3949.1875294117654 3131.4543693580185 29041.048 83.014 4969.480053333334 375
410 1.1 3227.8913636363636 3122.1739698087777 29041.048 83.014 4925.232673469388 392
420 1.1 5145.563636363635 5344.777219176172 29041.048 83.014 4878.903258064516 403
430 0.9 6078.169222222222 4481.656122968228 29041.048 83.014 4885.988437198068 414
440 0.8 3722.75975 3387.5543998292396 29041.048 83.014 4911.353985815604 423
450 0.5 2569.3774 1172.310281962348 29041.048 83.014 4889.291911832947 431
460 0.7 2127.427 1300.668092389995 29041.048 83.014 4862.68738761468 436
470 0.8 3885.8223749999997 3879.4772566725383 29041.048 74.011 4819.466568848759 443
480 0.8 9055.117875 4408.539024261451 29041.048 74.011 4802.905252771619 451
490 0.7 6292.4580000000005 4324.96658169801 29041.048 74.011 4877.017891067539 459
500 0.5 3078.0245999999997 1933.7994817025472 29041.048 74.011 4898.279866952791 466
510 0.9 6702.330555555555 3834.2078065085248 29041.048 74.011 4878.956562632698 471
520 1.1 3033.976363636364 3758.345010464103 29041.048 74.011 4913.144825000001 480
530 1.4 3420.7512857142856 2499.2117344250314 29041.048 74.011 4871.045327902242 491
540 1.3 6634.309153846151 3277.0355481923425 29041.048 74.011 4830.839156435646 505
550 0.8 4881.287 3482.481428102094 29041.048 74.011 4876.099986486488 518
560 1.3 4374.391230769231 5055.151543027372 29041.048 74.011 4876.178876425857 526
570 1.6 4193.606812499999 4770.508458818871 29041.048 74.011 4864.076391465679 539
580 1.4 6162.3790714285715 6803.8464930964965 29285.007 74.011 4844.74753873874 555
590 0.8 6746.147999999999 6311.757578282217 29285.007 74.011 4877.167295254835 569
600 1.2 4007.5861666666665 4139.338360300771 29285.007 66.36 4903.080372616986 577
610 0.6 8013.6630000000005 8327.473622699004 29285.007 66.36 4884.8360084889655 589
620 0.8 4575.423250000001 3357.8058761849147 29285.007 66.36 4916.387205042018 595
630 0.9 5127.579222222223 2929.605295252427 29285.007 66.36 4911.863636815921 603
640 0.5 3385.2146000000002 4094.281419286203 29285.007 66.36 4915.035924836602 612
650 1.1 5971.873545454547 6680.419405510015 29285.007 66.36 4902.63866936791 617
660 1.1 7169.19009090909 5101.681898385266 29285.007 66.36 4921.367305732485 628
670 1.5 4832.6937333333335 4101.9081713991845 29285.007 66.36 4960.062220657278 639
680 0.8 6401.0385 6536.276494407748 29285.007 66.36 4957.140925076454 654
690 1.6 3724.2760625 5386.605144472775 29285.007 66.36 4974.589838368581 662
700 1 4904.2073 3311.300433822339 29285.007 66.36 4945.083908554573 678
710 1.2 6188.136166666667 5521.506195238516 29285.007 66.36 4944.489771802327 688
720 0.9 2895.1418888888893 1967.8831987560447 29285.007 66.36 4965.809424285716 700
730 0.9 4578.490777777779 3515.179760528891 29285.007 66.36 4939.524504936531 709
740 1 5493.538100000001 4072.6757361419154 29285.007 66.36 4934.9990125348195 718
750 0.9 4762.956111111111 4530.2229149832365 29285.007 66.36 4942.671252747253 728
760 0.5 5168.449600000001 2760.769495747778 29285.007 66.36 4940.476630936228 737
770 1.3 4224.140923076923 3063.5385197711753 29285.007 66.36 4942.012836927223 742
780 1 8876.4872 9591.021137579331 34447.884 66.36 4929.652128476821 755
790 1.4 5091.783857142857 4033.6365459300905 34447.884 66.36 4981.24474379085 765
800 1.3 6314.040230769231 6227.666766572228 34447.884 66.36 4983.231326059051 779
810 1.1 4024.598363636364 3812.0303996452226 34447.884 66.36 5005.0754116161625 792
820 0.7 5750.201142857143 4871.271973712833 34447.884 66.36 4991.644219178083 803
830 1.3 3855.4061538461533 2280.256522770084 34447.884 66.36 4998.199649382717 810
840 1 6189.761900000001 3854.402786973916 34447.884 66.36 4980.148233292832 823
850 1.1 3866.3174545454544 2965.5835876764736 34447.884 66.36 4994.669405762305 833
860 1.4 6174.662642857143 7490.714673414438 34447.884 66.36 4979.963396919431 844
870 0.9 5058.938888888889 5372.7601620962105 34447.884 66.36 4999.457324009323 858
880 0.7 7160.060714285714 8136.716902911512 34447.884 66.36 5000.074779700115 867
890 1.3 5043.641230769231 4602.690515098301 34447.884 66.36 5017.374438215103 874
900 1.2 6877.63475 4212.837490214842 34447.884 66.36 5017.759408117249 887
910 0 0 0 34447.884 66.36 5042.585330367074 899
913 0.1 22266.158 0.0 34447.884 66.36 5042.585330367074 899
