0 1 10
10 1.2 22
20 0.9 31
30 1 41
40 1.5 56
50 1.2 68
60 1.2 80
70 1 90
80 0.7 97
90 1 107
100 1 117
110 0.9 126
120 0.9 135
130 1.3 148
140 0.9 157
150 0.6 163
160 0.7 170
170 0.4 174
180 0.7 181
190 0.6 187
200 0.6 193
210 0.8 201
220 1.6 217
230 0.9 226
240 1.4 240
250 0.7 247
260 0.7 254
270 0.7 261
280 0.9 270
290 1.2 282
300 1.4 296
310 1 306
320 1.4 320
330 1 330
340 0.6 336
350 1 346
360 1.1 357
370 0.6 363
380 1 373
390 1 383
400 1.4 397
410 1.4 411
420 0.8 419
430 0.7 426
440 0.7 433
450 0.5 438
460 1.1 449
470 0.9 458
480 0.6 464
490 0.3 467
500 1 477
510 0.8 485
520 1 495
530 2 515
540 0.7 522
550 1.1 533
560 1.5 548
570 1.6 564
580 1 574
590 1 584
600 0.8 592
610 0.8 600
620 0.8 608
630 0.7 615
640 0.7 622
650 1.1 633
660 1.4 647
670 1.3 660
680 0.6 666
690 2 686
700 0.7 693
710 0.8 701
720 1.1 712
730 1.1 723
740 0.9 732
750 0.8 740
760 0.9 749
770 1.4 763
780 1.2 775
790 1.2 787
800 1.2 799
810 0.8 807
820 1.1 818
830 1.1 829
840 0.8 837
850 1.5 852
860 1.1 863
870 0.6 869
880 1.4 883
890 1.3 896
900 0.4 900
910 0 900
913 0 900
