0 5 6
10 6 9
20 5 9
30 6 9
40 4 12
50 7 12
60 2 12
70 4 12
80 2 12
90 5 12
100 6 12
110 4 12
120 8 12
130 9 12
140 6 12
150 4 12
160 4 12
170 1 12
180 4 12
190 4 12
200 5 12
210 6 12
220 8 12
230 6 12
240 4 12
250 3 12
260 4 12
270 3 12
280 5 12
290 4 12
300 8 12
310 4 12
320 9 12
330 8 12
340 1 12
350 5 12
360 7 12
370 1 12
380 4 12
390 8 12
400 5 12
410 8 12
420 5 12
430 3 12
440 2 12
450 2 12
460 6 12
470 7 12
480 5 12
490 1 12
500 6 12
510 5 12
520 4 12
530 9 12
540 4 12
550 7 12
560 9 12
570 9 12
580 5 12
590 7 12
600 3 12
610 5 12
620 5 12
630 3 12
640 5 12
650 5 12
660 8 12
670 6 12
680 4 12
690 8 12
700 5 12
710 2 12
720 3 12
730 6 12
740 4 12
750 3 12
760 7 12
770 8 12
780 10 12
790 8 12
800 7 12
810 4 12
820 8 12
830 6 12
840 4 12
850 8 12
860 5 12
870 2 12
880 9 12
890 9 12
900 2 12
910 1 12
913 0 12
