0 21.9 219
10 30.3 522
20 25.4 776
30 28.7 1063
40 30.9 1372
50 27.5 1647
60 28 1927
70 25.8 2185
80 31.2 2497
90 27.3 2770
100 29.8 3068
110 26.2 3330
120 29.2 3622
130 30.7 3929
140 28.6 4215
150 28.2 4497
160 26.2 4759
170 30.9 5068
180 30.7 5375
190 32.7 5702
200 29.1 5993
210 29.5 6288
220 27.2 6560
230 30.8 6868
240 26.9 7137
250 28 7417
260 26.3 7680
270 25.6 7936
280 31.2 8248
290 25.9 8507
300 27.7 8784
310 26.3 9047
320 27.2 9319
330 27.3 9592
340 28.2 9874
350 28.3 10157
360 25.3 10410
370 27.7 10687
380 30.3 10990
390 29.3 11283
400 24.5 11528
410 29.7 11825
420 28.8 12113
430 21.4 12327
440 22.1 12548
450 23.9 12787
460 22.6 13013
470 24.3 13256
480 23.7 13493
490 20.6 13699
500 21 13909
510 21.7 14126
520 21.8 14344
530 22.5 14569
540 22.5 14794
550 24.4 15038
560 21.5 15253
570 23.7 15490
580 22.6 15716
590 22.5 15941
600 21.8 16159
610 17.8 16337
620 19.3 16530
630 18 16710
640 19.4 16904
650 19.9 17103
660 17.9 17282
670 19.5 17477
680 18.8 17665
690 19.2 17857
700 18.4 18041
710 19 18231
720 20.2 18433
730 18.5 18618
740 19.4 18812
750 19.1 19003
760 19.7 19200
770 18.9 19389
780 19.1 19580
790 19.9 19779
800 18.8 19967
810 19.8 20165
820 18.1 20346
830 19.3 20539
840 19.5 20734
850 19.1 20925
860 21.2 21137
870 19.2 21329
880 18.2 21511
890 18.7 21698
900 11.7 21815
910 11.5 21930
920 11.1 22041
930 11.2 22153
940 11.5 22268
950 11.7 22385
960 11.2 22497
970 11.2 22609
980 12.4 22733
981 0 22733
