0 21.9 27.28696803652967 1.7636363466888223 35.787 24.231 0 0
10 30.4 27.73442763157897 3.5503153651656407 67.149 24.231 27.28696803652967 219
20 25.3 27.410415019762837 2.1195592626946786 67.149 24.231 27.547059273422573 523
30 28.9 27.469463667820076 1.6985667496466643 67.149 24.231 27.50250902061856 776
40 30.9 27.425679611650498 1.8698605085138098 67.149 24.231 27.493541784037564 1065
50 27.3 27.197904761904763 1.6274029171246964 67.149 24.231 27.478280203784575 1374
60 28.1 27.39440213523133 1.8088435006427472 67.149 24.231 27.431806314511235 1647
70 25.7 27.78922178988326 3.744222925597249 75.431 24.231 27.426354771784236 1928
80 31.3 27.257884984025562 1.7548075651208002 75.431 24.223 27.4690352402746 2185
90 27.3 27.154446886446898 1.7500907663325336 75.431 24.223 27.442578062449957 2498
100 29.9 27.391167224080256 1.8528779419293324 75.431 24.223 27.414191266690725 2771
110 26 27.245565384615404 1.7755225686762477 75.431 24.197 27.411948859934856 3070
120 29.2 27.415815068493153 1.7588325829485403 75.431 24.197 27.39895795795796 3330
130 30.8 27.638665584415556 2.9151038422144566 75.431 24.197 27.40031695196025 3622
140 28.5 27.425750877192993 1.584884151294834 75.431 24.197 27.41899669211196 3930
150 28.3 27.480759717314488 1.9376432404917165 75.431 24.197 27.419453380782922 4215
160 26.1 27.478731800766294 1.9133901922206131 75.431 24.197 27.423310582481104 4498
170 30.9 27.13497734627833 1.6872939757647023 75.431 24.197 27.426350073544864 4759
180 30.8 27.376948051948048 1.9302239281714992 75.431 24.197 27.408584846093135 5068
190 32.7 27.334993883792052 1.8023128311275465 75.431 24.197 27.406772321428576 5376
200 29 27.251582758620696 1.8567540331726047 75.431 24.197 27.402656671927062 5703
210 29.6 27.38709459459458 1.8042461585136664 75.431 24.197 27.395346237276826 5993
220 27.1 27.259450184501855 1.7264939785155684 75.431 24.013 27.394957862935286 6289
230 30.9 27.434488673139164 1.7239771313877916 75.431 24.013 27.38935990853659 6560
240 26.8 27.25677238805971 1.6802964436346677 75.431 24.013 27.39139001310235 6869
250 28 27.87690000000001 2.561117611233702 75.431 24.013 27.38633501471207 7137
260 26.3 27.64584410646388 2.710925223766435 75.431 24.013 27.404854388566815 7417
270 25.7 27.444077821011685 1.7475534030946298 75.431 24.013 27.413107031250004 7680
280 31.1 27.49998713826367 1.9822352561608463 75.431 24.013 27.41410986518836 7937
290 26 27.419969230769244 1.7163893360480336 75.431 24.013 27.417347963142586 8248
300 27.7 27.424736462093865 1.7476592821968635 75.431 24.013 27.417428067700996 8508
310 26.3 27.54862737642585 2.1335365323602806 75.431 24.013 27.417658508821862 8785
320 27.3 27.811670329670314 1.7883867700536202 75.431 24.013 27.421465406719722 9048
330 27.3 27.678677655677646 1.7308622400111278 75.431 24.013 27.432894002789407 9321
340 28.1 27.776483985765125 1.7006006497788484 75.431 24.013 27.439887846570777 9594
350 28.4 27.941848591549316 2.0572045357045474 75.431 24.013 27.449465924050635 9875
360 25.2 27.81482539682541 1.764399484510892 75.431 24.013 27.463230731371198 10159
370 27.9 27.697028673835117 2.4894296793060993 75.431 24.013 27.471741139179716 10411
380 30 27.553839999999976 1.9366465469293386 75.431 24.013 27.477620954162774 10690
390 29.3 27.48362798634814 1.6889188945163434 75.431 24.013 27.479701546860785 10990
400 24.5 27.553448979591845 1.70575574083657 75.431 24.013 27.47980350970487 11283
410 29.8 27.198221476510064 1.6698012454391984 75.431 24.013 27.481368667591955 11528
420 30.2 35.27143377483443 30.279166298557175 243.666 24.013 27.474233722306785 11826
430 27.3 136.58481318681322 73.60247115718981 251.162 24.013 27.66839223284961 12128
440 24 122.50985416666663 69.66468863886182 251.162 24.013 30.066116845415696 12401
450 29 126.0047275862069 68.47173060134402 251.162 24.013 31.821238826042247 12641
460 25.5 120.50959607843141 68.52679369893544 251.162 24.013 33.933466166576444 12931
470 31.4 122.36656050955423 66.55137247330617 251.162 24.013 35.60773532534506 13186
480 30.1 121.25303322259138 67.35517511611476 251.162 24.013 37.62568133333333 13500
490 24.8 120.81696774193553 67.62745463274366 251.162 24.013 39.4495950293457 13801
500 24.1 132.13563900414948 70.1252092566783 251.162 24.013 40.88593273542601 14049
510 24.9 130.93012048192767 73.0462543847397 251.162 24.013 42.42485360391883 14290
520 26.5 127.980879245283 68.58289343588713 253.331 24.013 43.9406257651833 14539
530 29.5 124.75301355932201 70.87086476693634 253.331 24.013 45.44499398811132 14804
540 28.6 120.70152097902101 66.62280805141101 253.331 24.013 46.99449168819127 15099
550 29.3 130.33217064846423 69.82357775462039 253.331 24.013 48.36467110822229 15385
560 26.3 124.88836882129284 70.95023269182181 253.331 24.013 49.89652959561168 15678
570 31.3 125.20420766773165 69.08635897586109 253.331 24.013 51.13377027789976 15941
580 29.1 125.51628522336775 69.50614348192283 253.331 24.013 52.56012975267627 16254
590 27.4 125.99979927007304 70.8013484478675 253.331 24.013 53.84331145361137 16545
600 28.6 123.35890209790205 67.62143501028764 253.331 24.013 55.0188199655152 16819
610 18.8 156.45443085106396 70.48263384421413 253.331 24.013 56.16148371821106 17105
620 18.9 147.4210423280424 75.14930884514492 253.331 24.013 57.25181356618286 17293
630 18.3 163.6144535519127 65.7327980802655 253.331 24.013 58.22664391946003 17482
640 19 146.40781052631579 69.95438383799527 253.331 24.013 59.318405547693196 17665
650 19.4 150.06079381443308 71.70678808633474 253.331 24.013 60.24514802576311 17855
660 18.5 156.87398918918925 71.74700472090456 253.331 24.013 61.210533104327126 18049
670 20 156.77031499999987 69.03512003064654 253.331 24.013 62.18112317648351 18234
680 18.6 158.65339784946235 71.00177233008877 253.331 24.013 63.20737023977435 18434
690 19.4 150.13623711340202 69.11420420702667 253.331 24.013 64.1608053168636 18620
700 18.6 144.72801612903226 72.35335138104962 253.331 24.013 65.04733841819923 18814
710 19.2 150.36384895833336 67.92460123658485 253.331 24.013 65.8273703157895 19000
720 19.4 160.1652989690721 65.70945314944628 253.331 24.013 66.6730874843685 19192
730 18.4 149.7393097826086 74.43217107838568 253.331 24.013 67.60868477251626 19386
740 19.8 146.01155050505042 73.83991560833088 253.331 24.013 68.3808889115994 19570
750 19.4 145.43556185567002 69.08127916580814 253.331 24.013 69.15845219546743 19768
760 19 149.07216842105265 66.80863394268307 256.365 24.013 69.89974862238255 19962
770 20.1 142.42420398009955 70.28357419967897 256.365 24.013 70.64621347757048 20152
780 17.5 154.9535314285714 70.96814116906174 256.365 24.013 71.35507094777184 20353
790 20.7 155.92933333333335 71.19773927848516 256.365 24.013 72.06774293647702 20528
800 18.4 158.087445652174 72.66400788760913 256.365 24.013 72.90494328430192 20735
810 20.2 142.61838613861372 71.59061898726404 256.365 24.013 73.65419422534539 20919
820 18.7 147.71443850267391 81.96363668930952 465.172 24.013 74.31376369490081 21121
830 18.8 153.89142021276592 73.20057405882486 465.172 24.013 74.95793143420312 21308
840 19.4 148.65361855670102 69.47891425178635 465.172 24.013 75.6482689802754 21496
850 18.5 150.54802702702705 68.8150826792006 465.172 24.013 76.30124444444445 21690
860 21.2 157.99731603773586 69.06813074352625 465.172 24.013 76.92916009142857 21875
870 19.4 154.42495360824756 68.84431405477947 465.172 24.013 77.70728519038349 22087
880 18.4 148.38998369565206 70.92576331028431 465.172 24.013 78.37526363269154 22281
890 18.4 153.31243478260876 71.43233462558089 465.172 24.013 78.94872049855331 22465
900 7.3 146.8514657534246 141.3522899000043 1168.007 24.013 79.55284975054089 22649
910 0.9 166.50244444444445 60.84699256169091 1168.007 24.013 79.76906306663149 22722
920 0 0 0 1168.007 24.013 79.80340385376802 22731
930 0.2 75.023 27.444999999999997 1168.007 24.013 79.80340385376802 22731
940 0 0 0 1168.007 24.013 79.80298328421242 22733
950 0 0 0 1168.007 24.013 79.80298328421242 22733
960 0 0 0 1168.007 24.013 79.80298328421242 22733
970 0 0 0 1168.007 24.013 79.80298328421242 22733
980 0 0 0 1168.007 24.013 79.80298328421242 22733
981 0 0 0 1168.007 24.013 79.80298328421242 22733
