0 57 57
10 43 -14
20 46 3
30 53 7
40 36 -17
50 44 8
60 40 -4
70 50 10
80 48 -2
90 43 -5
100 42 -1
110 42 0
120 43 1
130 60 17
140 44 -16
150 48 4
160 38 -10
170 57 19
180 38 -19
190 51 13
200 48 -3
210 52 4
220 50 -2
230 51 1
240 46 -5
250 41 -5
260 56 15
270 45 -11
280 44 -1
290 40 -4
300 51 11
310 50 -1
320 38 -12
330 54 16
340 46 -8
350 39 -7
360 49 10
370 58 9
380 34 -24
390 42 8
400 38 -4
410 52 14
420 57 5
430 106 49
440 128 22
450 184 56
460 231 47
470 295 64
480 349 54
490 394 45
500 423 29
510 452 29
520 502 50
530 580 78
540 632 52
550 699 67
560 738 39
570 812 74
580 877 65
590 930 53
600 985 55
610 988 3
620 985 -3
630 987 2
640 987 0
650 986 -1
660 986 0
670 987 1
680 989 2
690 986 -3
700 988 2
710 986 -2
720 985 -1
730 983 -2
740 985 2
750 988 3
760 987 -1
770 989 2
780 986 -3
790 990 4
800 985 -5
810 989 4
820 985 -4
830 986 1
840 986 0
850 988 2
860 989 1
870 988 -1
880 988 0
890 986 -2
900 907 -79
910 801 -106
920 690 -111
930 580 -110
940 465 -115
950 348 -117
960 236 -112
970 124 -112
980 0 -124
981 0 0
