0 0.1 6.298876149659289 0 6.298876149659289 6.298876149659289 0 0
10 0.1 2.6010837849103794 0.0 6.298876149659289 2.6010837849103794 6.298876149659289 1
20 0.1 2.424141101730335 0.0 6.298876149659289 2.424141101730335 4.449979967284834 2
30 0.1 2.185154295246038 0.0 6.298876149659289 2.185154295246038 3.7747003454333345 3
40 0.1 2.4300626304801667 0.0 6.298876149659289 2.185154295246038 3.3773138328865104 4
50 0.1 2.664773201904603 0.0 6.298876149659289 2.185154295246038 3.187863592405242 5
60 0.1 2.7935290193462308 0.0 6.298876149659289 2.185154295246038 3.100681860655135 6
70 0.1 3.1711591421180003 0.0 6.298876149659289 2.185154295246038 3.056802883325292 7
80 0.1 2.948034643570953 0.0 6.298876149659289 2.185154295246038 3.07109741567438 8
90 0.1 2.8361695028361695 0.0 6.298876149659289 2.185154295246038 3.057423774329555 9
100 0.1 3.0275229357798166 0.0 6.298876149659289 2.185154295246038 3.035298347180217 10
110 0.1 1.8784438136583739 0.0 6.298876149659289 1.8784438136583739 3.0345914915983623 11
120 0.1 1.1443367858336118 0.0 6.298876149659289 1.1443367858336118 2.9382458517700294 12
130 0.1 1.6028049085900324 0.0 6.298876149659289 1.1443367858336118 2.800252846697997 13
140 0.1 0.7101086048454469 0.0 6.298876149659289 0.7101086048454469 2.7147208511188565 14
150 0.1 0.8344459279038717 0.0 6.298876149659289 0.7101086048454469 2.581080034700629 15
160 0.1 0.8600534402137607 0.0 6.298876149659289 0.7101086048454469 2.471915403025832 16
170 0.1 0.5844535359438925 0.0 6.298876149659289 0.5844535359438925 2.377099993448651 17
180 0.1 0.7354784788967823 0.0 6.298876149659289 0.5844535359438925 2.277508523587276 18
190 0.1 1.754679144385027 0.0 6.298876149659289 0.5844535359438925 2.196349047550934 19
200 0.1 0.8944244754660203 0.0 6.298876149659289 0.5844535359438925 2.174265552392639 20
210 0.1 0.6347085351595122 0.0 6.298876149659289 0.5844535359438925 2.113320739205657 21
220 0.1 1.5525876460767947 0.0 6.298876149659289 0.5844535359438925 2.046111093567196 22
230 0.1 0.7102866215425754 0.0 6.298876149659289 0.5844535359438925 2.0246535523719613 23
240 0.1 0.7517540928833946 0.0 6.298876149659289 0.5844535359438925 1.9698882635874035 24
250 0.1 0.9771986970684038 0.0 6.298876149659289 0.5844535359438925 1.9211628967592431 25
260 0.1 0.5931495405179615 0.0 6.298876149659289 0.5844535359438925 1.8848565813865186 26
270 0.1 0.5768748432405317 0.0 6.298876149659289 0.5768748432405317 1.8370155798728685 27
280 0.1 0.4510901344916883 0.0 6.298876149659289 0.4510901344916883 1.7920105535645707 28
290 0.1 0.6935739951533383 0.0 6.298876149659289 0.4510901344916883 1.7457719184241263 29
300 0.1 1.0339364629367132 0.0 6.298876149659289 0.4510901344916883 1.7106986543151 30
310 0.1 1.2520868113522539 0.0 6.298876149659289 0.4510901344916883 1.6888676158835392 31
320 0.1 0.6097560975609756 0.0 6.298876149659289 0.4510901344916883 1.6752182157419366 32
330 0.1 0.6266187651432868 0.0 6.298876149659289 0.4510901344916883 1.6429314848879681 33
340 0.1 0.5257886830245367 0.0 6.298876149659289 0.4510901344916883 1.6130399343072421 34
350 0.1 0.6097560975609756 0.0 6.298876149659289 0.4510901344916883 1.581975612842022 35
360 0.1 0.7348643006263048 0.0 6.298876149659289 0.4510901344916883 1.5549695151953262 36
370 0.1 0.8018710324089542 0.0 6.298876149659289 0.4510901344916883 1.5328045093961635 37
380 0.1 0.6598179236615719 0.0 6.298876149659289 0.4510901344916883 1.5135694178965 38
390 0.1 0.8596227674845601 0.0 6.298876149659289 0.4510901344916883 1.4916783539417584 39
400 0.1 0.7184628237259816 0.0 6.298876149659289 0.4510901344916883 1.4758769642803284 40
410 0.1 0.4845042185281096 0.0 6.298876149659289 0.4510901344916883 1.4574034486570515 41
420 0.1 1.2122732213025667 0.0 6.298876149659289 0.4510901344916883 1.434239181273029 42
430 0.1 1.0605427974947808 0.0 6.298876149659289 0.4510901344916883 1.4290771822039485 43
440 0.1 1.4929107589658048 0.0 6.298876149659289 0.4510901344916883 1.4207014007332857 44
450 0.1 1.702127659574468 0.0 6.298876149659289 0.4510901344916883 1.4223060531384526 45
460 0.1 1.5943238731218699 0.0 6.298876149659289 0.4510901344916883 1.4283891315392356 46
470 0.1 1.62771285475793 0.0 6.298876149659289 0.4510901344916883 1.4319196579558875 47
480 0.1 1.3936409914044898 0.0 6.298876149659289 0.4510901344916883 1.4359986828892632 48
490 0.1 1.8935602268935603 0.0 6.298876149659289 0.4510901344916883 1.4351342402059006 49
500 0.1 1.5184381778741864 0.0 6.298876149659289 0.4510901344916883 1.4443027599396538 50
510 0.1 0.5931990976689782 0.0 6.298876149659289 0.4510901344916883 1.445756395585429 51
520 0.1 1.4180847514180848 0.0 6.298876149659289 0.4510901344916883 1.4293610629331894 52
530 0.1 1.8776600183593422 0.0 6.298876149659289 0.4510901344916883 1.4291483023385647 53
540 0.1 2.1831514040496627 0.0 6.298876149659289 0.4510901344916883 1.4374540748574678 54
550 0.1 2.077423660937761 0.0 6.298876149659289 0.4510901344916883 1.451012208115508 55
560 0.1 1.8195476170603457 0.0 6.298876149659289 0.4510901344916883 1.4621981269159054 56
570 0.1 1.7764804003336114 0.0 6.298876149659289 0.4510901344916883 1.468467416216685 57
580 0.1 1.7370970435944548 0.0 6.298876149659289 0.4510901344916883 1.4737779849083563 58
590 0.1 1.9262841894596396 0.0 6.298876149659289 0.4510901344916883 1.4782410198013411 59
600 0.1 2.002837352916632 0.0 6.298876149659289 0.4510901344916883 1.4857084059623127 60
610 0.1 6.059094159098356 0.0 6.298876149659289 0.4510901344916883 1.4941859296828752 61
620 0.1 6.055765280938365 0.0 6.298876149659289 0.4510901344916883 1.5678134817702216 62
630 0.1 2.874091402790542 0.0 6.298876149659289 0.4510901344916883 1.6390508119157476 63
640 0.1 2.3944602035708327 0.0 6.298876149659289 0.4510901344916883 1.6583483211481662 64
660 0.1 6.046060629450245 0.0 6.298876149659289 0.4510901344916883 1.6696731193392842 65
670 0.1 6.042336167688644 0.0 6.298876149659289 0.4510901344916883 1.735982021007632 66
690 0.1 6.037871749867505 0.0 6.298876149659289 0.4510901344916883 1.8002559634954083 67
700 0.1 2.2442849991656932 0.0 6.298876149659289 0.4510901344916883 1.8625738427067626 68
710 0.1 6.031365245083639 0.0 6.298876149659289 0.4510901344916883 1.8681058884525443 69
720 0.1 2.476857643232424 0.0 6.298876149659289 0.4510901344916883 1.9275810221187026 70
730 0.1 2.6706726756801866 0.0 6.298876149659289 0.4510901344916883 1.935317312556924 71
750 0.1 6.018404089845017 0.0 6.298876149659289 0.4510901344916883 1.9455305814891917 72
770 0.1 6.0145579984319415 0.0 6.298876149659289 0.4510901344916883 2.0013233692748877 73
790 0.1 6.006806542481979 0.0 6.298876149659289 0.4510901344916883 2.055556269668902 74
820 0.1 6.0003381657340205 0.0 6.298876149659289 0.4510901344916883 2.1082396066397426 75
830 0.1 5.995649797106141 0.0 6.298876149659289 0.4510901344916883 2.15945142978572 76
850 0.1 5.991202240389485 0.0 6.298876149659289 0.4510901344916883 2.2092721878028687 77
860 0.1 5.986969811954245 0.0 6.298876149659289 0.4510901344916883 2.2577584705283384 78
870 0.1 5.983738599662119 0.0 6.298876149659289 0.4510901344916883 2.304963677381831 79
890 0.1 5.978259047152913 0.0 6.298876149659289 0.4510901344916883 2.3509483639103346 80
900 0.1 1.8096906012842966 0.0 6.298876149659289 0.4510901344916883 2.3957299772836995 81
910 0.1 1.4142259414225942 0.0 6.298876149659289 0.4510901344916883 2.38858315562517 82
920 0.1 0.9459233216139293 0.0 6.298876149659289 0.4510901344916883 2.376843912080561 83
930 0.1 0.5589388504212897 0.0 6.298876149659289 0.4510901344916883 2.359809143146434 84
940 0.1 0.8583333333333334 0.0 6.298876149659289 0.4510901344916883 2.338622433820256 85
950 0.1 0.8833333333333334 0.0 6.298876149659289 0.4510901344916883 2.3214097698611056 86
960 0.1 0.9508716323296356 0.0 6.298876149659289 0.4510901344916883 2.3048801556481426 87
970 0.1 0.9081063067566443 0.0 6.298876149659289 0.4510901344916883 2.289493695155887 88
980 0.1 0.6500541711809318 0.0 6.298876149659289 0.4510901344916883 2.2739724885446595 89
