600 0.4 4
610 36 364
620 21.8 582
630 41.3 995
640 20.3 1198
650 27.2 1470
660 30.2 1772
670 29.7 2069
680 30.1 2370
690 24.1 2611
700 20.6 2817
710 27.2 3089
720 31.9 3408
730 22.9 3637
740 27 3907
750 25.9 4166
760 25 4416
770 15.6 4572
780 31.5 4887
790 31.9 5206
800 24.1 5447
810 26.5 5712
820 24.2 5954
830 28 6234
840 18.9 6423
850 19.1 6614
860 32.9 6943
870 25.3 7196
880 19 7386
890 28.4 7670
900 2 7690
910 0 7690
920 0 7690
930 0 7690
940 0 7690
950 0 7690
960 0 7690
970 0 7690
980 0 7690
981 0 7690
