0 7.4 74
10 16.5 239
20 11.9 358
30 14.2 500
40 15.7 657
50 13.1 788
60 14.9 937
70 12.2 1059
80 15.7 1216
90 13.8 1354
100 14.8 1502
110 12.9 1631
120 14.8 1779
130 14.6 1925
140 14.8 2073
150 14 2213
160 13.4 2347
170 14.4 2491
180 16.5 2656
190 15.6 2812
200 14.6 2958
210 14.7 3105
220 13.6 3241
230 14.9 3390
240 14.3 3533
250 14.7 3680
260 13 3810
270 13.4 3944
280 15 4094
290 13.4 4228
300 13.4 4362
310 13.2 4494
320 14.1 4635
330 12.3 4758
340 14.5 4903
350 14.9 5052
360 11.8 5170
370 13.5 5305
380 16.5 5470
390 14 5610
400 12.2 5732
410 14.5 5877
420 14.4 6021
430 8 6101
440 9.7 6198
450 9.1 6289
460 9.2 6381
470 8.7 6468
480 8.9 6557
490 9.1 6648
500 8.8 6736
510 9.6 6832
520 7.9 6911
530 7.5 6986
540 8.5 7071
550 8.6 7157
560 8.9 7246
570 8.3 7329
580 8.1 7410
590 8.1 7491
600 8.5 7576
610 15.8 7734
620 13.1 7865
630 17.3 8038
640 13.3 8171
650 14.3 8314
660 14.1 8455
670 15 8605
680 14.5 8750
690 14.3 8893
700 12.8 9021
710 14.4 9165
720 15.9 9324
730 13.4 9458
740 15.2 9610
750 13.7 9747
760 15.1 9898
770 11.8 10016
780 15 10166
790 15.5 10321
800 13.5 10456
810 14.7 10603
820 13.8 10741
830 14.7 10888
840 12.7 11015
850 13.1 11146
860 15.9 11305
870 14.1 11446
880 12.5 11571
890 14.1 11712
900 10.9 11821
910 11.3 11934
920 11 12044
930 11.1 12155
940 11.5 12270
950 11.7 12387
960 11.2 12499
970 11.8 12617
980 11.8 12735
981 0 12735
