0 0.1 12370.61328125 0 12370.61328125 12370.61328125 0 0
10 0.1 12376.296875 0.0 12376.296875 12370.61328125 12370.61328125 1
20 0.1 12470.72265625 0.0 12470.72265625 12370.61328125 12373.455078125 2
30 0.1 12472.4765625 0.0 12472.4765625 12370.61328125 12405.877604166666 3
40 0.1 12472.92578125 0.0 12472.92578125 12370.61328125 12422.52734375 4
50 0.1 12473.375 0.0 12473.375 12370.61328125 12432.60703125 5
60 0.1 12475.94140625 0.0 12475.94140625 12370.61328125 12439.401692708334 6
70 0.1 12474.14453125 0.0 12475.94140625 12370.61328125 12444.621651785714 7
80 0.1 12467.51953125 0.0 12475.94140625 12370.61328125 12448.31201171875 8
90 0.1 12475.90625 0.0 12475.94140625 12370.61328125 12450.446180555555 9
100 0.1 12478.87109375 0.0 12478.87109375 12370.61328125 12452.9921875 10
110 0.1 12479.7890625 0.0 12479.7890625 12370.61328125 12455.34481534091 11
120 0.1 12490.07421875 0.0 12490.07421875 12370.61328125 12457.3818359375 12
130 0.1 12491.8203125 0.0 12491.8203125 12370.61328125 12459.896634615385 13
140 0.1 12490.24609375 0.0 12491.8203125 12370.61328125 12462.17689732143 14
150 0.1 12489.4609375 0.0 12491.8203125 12370.61328125 12464.048177083334 15
160 0.1 12488.94140625 0.0 12491.8203125 12370.61328125 12465.636474609375 16
170 0.1 12489.23046875 0.0 12491.8203125 12370.61328125 12467.007352941177 17
180 0.1 12489.09765625 0.0 12491.8203125 12370.61328125 12468.241970486111 18
190 0.1 12488.8515625 0.0 12491.8203125 12370.61328125 12469.339638157895 19
200 0.1 12487.23828125 0.0 12491.8203125 12370.61328125 12470.315234375 20
210 0.1 12486.87890625 0.0 12491.8203125 12370.61328125 12471.12109375 21
220 0.1 12447.015625 0.0 12491.8203125 12370.61328125 12471.837357954546 22
230 0.1 12481.640625 0.0 12491.8203125 12370.61328125 12470.758152173914 23
240 0.1 12461.1015625 0.0 12491.8203125 12370.61328125 12471.211588541666 24
250 0.1 12478.37890625 0.0 12491.8203125 12370.61328125 12470.8071875 25
260 0.1 12475.61328125 0.0 12491.8203125 12370.61328125 12471.098407451924 26
270 0.1 12480.0234375 0.0 12491.8203125 12370.61328125 12471.265625 27
280 0.1 12480.5546875 0.0 12491.8203125 12370.61328125 12471.578404017857 28
290 0.1 12479.84375 0.0 12491.8203125 12370.61328125 12471.887931034482 29
300 0.1 12480.15234375 0.0 12491.8203125 12370.61328125 12472.153125 30
310 0.1 12483.57421875 0.0 12491.8203125 12370.61328125 12472.411164314517 31
320 0.1 12483.03125 0.0 12491.8203125 12370.61328125 12472.760009765625 32
330 0.1 12482.60546875 0.0 12491.8203125 12370.61328125 12473.071259469696 33
340 0.1 12477.203125 0.0 12491.8203125 12370.61328125 12473.351677389706 34
350 0.1 12478.75390625 0.0 12491.8203125 12370.61328125 12473.46171875 35
360 0.1 12477.34375 0.0 12491.8203125 12370.61328125 12473.608723958334 36
370 0.1 12473.5390625 0.0 12491.8203125 12370.61328125 12473.709670608108 37
380 0.1 12473.546875 0.0 12491.8203125 12370.61328125 12473.705180921053 38
390 0.1 12473.515625 0.0 12491.8203125 12370.61328125 12473.701121794871 39
400 0.1 12474.765625 0.0 12491.8203125 12370.61328125 12473.696484375 40
410 0.1 12471.515625 0.0 12491.8203125 12370.61328125 12473.72256097561 41
420 0.1 12480.1015625 0.0 12491.8203125 12370.61328125 12473.670014880952 42
430 0.1 12471.73046875 0.0 12491.8203125 12370.61328125 12473.819585755815 43
440 0.1 12474.21875 0.0 12491.8203125 12370.61328125 12473.772105823864 44
450 0.1 12460.51171875 0.0 12491.8203125 12370.61328125 12473.78203125 45
460 0.1 12455.90625 0.0 12491.8203125 12370.61328125 12473.493546195652 46
470 0.1 12453.83203125 0.0 12491.8203125 12370.61328125 12473.119348404256 47
480 0.1 12445.72265625 0.0 12491.8203125 12370.61328125 12472.717529296875 48
490 0.1 12438.9765625 0.0 12491.8203125 12370.61328125 12472.166613520409 49
500 0.1 12438.015625 0.0 12491.8203125 12370.61328125 12471.5028125 50
510 0.1 12441.44140625 0.0 12491.8203125 12370.61328125 12470.846200980392 51
520 0.1 12406.6484375 0.0 12491.8203125 12370.61328125 12470.280724158654 52
530 0.1 12429.265625 0.0 12491.8203125 12370.61328125 12469.080114976416 53
540 0.1 12417.06640625 0.0 12491.8203125 12370.61328125 12468.342809606482 54
550 0.1 12423.19140625 0.0 12491.8203125 12370.61328125 12467.410511363636 55
560 0.1 12417.671875 0.0 12491.8203125 12370.61328125 12466.620884486607 56
570 0.1 12412.921875 0.0 12491.8203125 12370.61328125 12465.76212993421 57
580 0.1 12414.265625 0.0 12491.8203125 12370.61328125 12464.851091056034 58
590 0.1 12408.8671875 0.0 12491.8203125 12370.61328125 12463.993710275423 59
600 0.1 12396.87890625 0.0 12491.8203125 12370.61328125 12463.074934895832 60
610 0.1 12386.98828125 0.0 12491.8203125 12370.61328125 12461.98975409836 61
620 0.1 12387.390625 0.0 12491.8203125 12370.61328125 12460.780052923386 62
630 0.1 12391.6328125 0.0 12491.8203125 12370.61328125 12459.615141369048 63
640 0.1 12391.4453125 0.0 12491.8203125 12370.61328125 12458.552917480469 64
660 0.1 12393.8515625 0.0 12491.8203125 12370.61328125 12457.520492788462 65
670 0.1 12389.74609375 0.0 12491.8203125 12370.61328125 12456.555812026516 66
690 0.1 12386.0390625 0.0 12491.8203125 12370.61328125 12455.55865205224 67
700 0.1 12383.15625 0.0 12491.8203125 12370.61328125 12454.53630514706 68
710 0.1 12383.64453125 0.0 12491.8203125 12370.61328125 12453.501811594202 69
720 0.1 12376.8984375 0.0 12491.8203125 12370.61328125 12452.503850446428 70
730 0.1 12379.78515625 0.0 12491.8203125 12370.61328125 12451.438985475352 71
750 0.1 12379.9765625 0.0 12491.8203125 12370.61328125 12450.443793402777 72
770 0.1 12380.0234375 0.0 12491.8203125 12370.61328125 12449.478488869863 73
790 0.1 12374.7578125 0.0 12491.8203125 12370.61328125 12448.539907094595 74
820 0.1 12343.5234375 0.0 12491.8203125 12343.5234375 12447.556145833334 75
830 0.1 12354.05859375 0.0 12491.8203125 12343.5234375 12446.187294407895 76
850 0.1 12384.296875 0.0 12491.8203125 12343.5234375 12444.990817775973 77
860 0.1 12375.28125 0.0 12491.8203125 12343.5234375 12444.212690304486 78
870 0.1 12374.765625 0.0 12491.8203125 12343.5234375 12443.340140427214 79
890 0.1 12370.06640625 0.0 12491.8203125 12343.5234375 12442.482958984374 80
900 0.1 12371.42578125 0.0 12491.8203125 12343.5234375 12441.588927469134 81
910 0.1 12364.421875 0.0 12491.8203125 12343.5234375 12440.733279344511 82
920 0.1 12371.828125 0.0 12491.8203125 12343.5234375 12439.813864834336 83
930 0.1 12374.74609375 0.0 12491.8203125 12343.5234375 12439.004510788689 84
940 0.1 12387.09375 0.0 12491.8203125 12343.5234375 12438.248529411765 85
950 0.1 12392.87890625 0.0 12491.8203125 12343.5234375 12437.65370639535 86
960 0.1 12405.98046875 0.0 12491.8203125 12343.5234375 12437.139053520115 87
970 0.1 12418.5390625 0.0 12491.8203125 12343.5234375 12436.784978693182 88
980 0.1 12427.31640625 0.0 12491.8203125 12343.5234375 12436.579968398877 89
