0 0.1 0.33984375 0 0.33984375 0.33984375 0 0
10 0.1 0.37109375 0.0 0.37109375 0.33984375 0.33984375 1
20 0.1 0.390625 0.0 0.390625 0.33984375 0.35546875 2
30 0.1 0.46875 0.0 0.46875 0.33984375 0.3671875 3
40 0.1 0.3984375 0.0 0.46875 0.33984375 0.392578125 4
50 0.1 0.33984375 0.0 0.46875 0.33984375 0.39375 5
60 0.1 0.76171875 0.0 0.76171875 0.33984375 0.384765625 6
70 0.1 0.640625 0.0 0.76171875 0.33984375 0.43861607142857145 7
80 0.1 0.5390625 0.0 0.76171875 0.33984375 0.4638671875 8
90 0.1 0.4609375 0.0 0.76171875 0.33984375 0.4722222222222222 9
100 0.1 0.5390625 0.0 0.76171875 0.33984375 0.47109375 10
110 0.1 0.44921875 0.0 0.76171875 0.33984375 0.4772727272727273 11
120 0.1 0.53125 0.0 0.76171875 0.33984375 0.4749348958333333 12
130 0.1 0.51953125 0.0 0.76171875 0.33984375 0.4792668269230769 13
140 0.1 0.44140625 0.0 0.76171875 0.33984375 0.48214285714285715 14
150 0.1 0.37109375 0.0 0.76171875 0.33984375 0.47942708333333334 15
160 0.1 0.3203125 0.0 0.76171875 0.3203125 0.47265625 16
170 0.1 0.26953125 0.0 0.76171875 0.26953125 0.46369485294117646 17
180 0.1 0.23046875 0.0 0.76171875 0.23046875 0.4529079861111111 18
190 0.1 0.19140625 0.0 0.76171875 0.19140625 0.44120065789473684 19
200 0.1 0.16015625 0.0 0.76171875 0.16015625 0.4287109375 20
210 0.1 0.140625 0.0 0.76171875 0.140625 0.41592261904761907 21
220 0.1 0.109375 0.0 0.76171875 0.109375 0.4034090909090909 22
230 0.1 0.171875 0.0 0.76171875 0.109375 0.390625 23
240 0.1 0.140625 0.0 0.76171875 0.109375 0.3815104166666667 24
250 0.1 0.12109375 0.0 0.76171875 0.109375 0.371875 25
260 0.1 0.1015625 0.0 0.76171875 0.1015625 0.3622295673076923 26
270 0.1 0.08984375 0.0 0.76171875 0.08984375 0.35257523148148145 27
280 0.1 0.0703125 0.0 0.76171875 0.0703125 0.3431919642857143 28
290 0.1 0.05859375 0.0 0.76171875 0.05859375 0.3337823275862069 29
300 0.1 0.12890625 0.0 0.76171875 0.05859375 0.324609375 30
310 0.1 0.109375 0.0 0.76171875 0.05859375 0.31829637096774194 31
320 0.1 0.08984375 0.0 0.76171875 0.05859375 0.311767578125 32
330 0.1 0.078125 0.0 0.76171875 0.05859375 0.30504261363636365 33
340 0.1 0.0703125 0.0 0.76171875 0.05859375 0.29836856617647056 34
350 0.1 0.05859375 0.0 0.76171875 0.05859375 0.29185267857142855 35
360 0.1 0.05078125 0.0 0.76171875 0.05078125 0.2853732638888889 36
370 0.1 0.0390625 0.0 0.76171875 0.0390625 0.2790329391891892 37
380 0.1 0.03125 0.0 0.76171875 0.03125 0.2727179276315789 38
390 0.1 0.03125 0.0 0.76171875 0.03125 0.2665264423076923 39
400 0.1 0.01953125 0.0 0.76171875 0.01953125 0.26064453125 40
410 0.1 0.01953125 0.0 0.76171875 0.01953125 0.2547637195121951 41
420 0.1 0.01953125 0.0 0.76171875 0.01953125 0.24916294642857142 42
430 0.1 0.01171875 0.0 0.76171875 0.01171875 0.24382267441860464 43
440 0.1 0.01171875 0.0 0.76171875 0.01171875 0.23854758522727273 44
450 0.1 0.01171875 0.0 0.76171875 0.01171875 0.23350694444444445 45
460 0.1 0.171875 0.0 0.76171875 0.01171875 0.22868546195652173 46
470 0.1 0.140625 0.0 0.76171875 0.01171875 0.22747672872340424 47
480 0.1 0.12109375 0.0 0.76171875 0.01171875 0.22566731770833334 48
490 0.1 0.1015625 0.0 0.76171875 0.01171875 0.22353316326530612 49
500 0.1 0.078125 0.0 0.76171875 0.01171875 0.22109375 50
510 0.1 0.0703125 0.0 0.76171875 0.01171875 0.2182904411764706 51
520 0.1 0.05859375 0.0 0.76171875 0.01171875 0.21544471153846154 52
530 0.1 0.05078125 0.0 0.76171875 0.01171875 0.21248525943396226 53
540 0.1 0.0390625 0.0 0.76171875 0.01171875 0.20949074074074073 54
550 0.1 0.0390625 0.0 0.76171875 0.01171875 0.20639204545454545 55
560 0.1 0.03125 0.0 0.76171875 0.01171875 0.20340401785714285 56
570 0.1 0.1015625 0.0 0.76171875 0.01171875 0.20038377192982457 57
580 0.1 0.08984375 0.0 0.76171875 0.01171875 0.1986799568965517 58
590 0.1 0.0703125 0.0 0.76171875 0.01171875 0.1968352754237288 59
600 0.1 0.05859375 0.0 0.76171875 0.01171875 0.1947265625 60
610 0.1 0.12109375 0.0 0.76171875 0.01171875 0.19249487704918034 61
620 0.1 0.1015625 0.0 0.76171875 0.01171875 0.19134324596774194 62
630 0.1 0.25 0.0 0.76171875 0.01171875 0.18991815476190477 63
640 0.1 0.2109375 0.0 0.76171875 0.01171875 0.19085693359375 64
660 0.1 0.16015625 0.0 0.76171875 0.01171875 0.19116586538461539 65
670 0.1 0.3515625 0.0 0.76171875 0.01171875 0.19069602272727273 66
690 0.1 0.62109375 0.0 0.76171875 0.01171875 0.19309701492537312 67
700 0.1 0.69140625 0.0 0.76171875 0.01171875 0.19939108455882354 68
710 0.1 0.578125 0.0 0.76171875 0.01171875 0.20652173913043478 69
720 0.1 0.48828125 0.0 0.76171875 0.01171875 0.21183035714285714 70
730 0.1 0.48828125 0.0 0.76171875 0.01171875 0.21572403169014084 71
750 0.1 0.55078125 0.0 0.76171875 0.01171875 0.2195095486111111 72
770 0.1 0.4296875 0.0 0.76171875 0.01171875 0.22404751712328766 73
790 0.1 0.28125 0.0 0.76171875 0.01171875 0.2268264358108108 74
820 0.1 0.30859375 0.0 0.76171875 0.01171875 0.22755208333333332 75
830 0.1 0.30859375 0.0 0.76171875 0.01171875 0.22861842105263158 76
850 0.1 0.3984375 0.0 0.76171875 0.01171875 0.22965706168831168 77
860 0.1 0.30859375 0.0 0.76171875 0.01171875 0.23182091346153846 78
870 0.1 0.26953125 0.0 0.76171875 0.01171875 0.23279272151898733 79
890 0.1 0.19140625 0.0 0.76171875 0.01171875 0.233251953125 80
900 0.1 0.16015625 0.0 0.76171875 0.01171875 0.23273533950617284 81
910 0.1 0.2109375 0.0 0.76171875 0.01171875 0.23185022865853658 82
920 0.1 0.26171875 0.0 0.76171875 0.01171875 0.23159826807228914 83
930 0.1 0.21875 0.0 0.76171875 0.01171875 0.23195684523809523 84
940 0.1 0.26171875 0.0 0.76171875 0.01171875 0.2318014705882353 85
950 0.1 0.21875 0.0 0.76171875 0.01171875 0.23214934593023256 86
960 0.1 0.19140625 0.0 0.76171875 0.01171875 0.2319953304597701 87
970 0.1 0.16015625 0.0 0.76171875 0.01171875 0.2315340909090909 88
980 0.1 0.2890625 0.0 0.76171875 0.01171875 0.23073209269662923 89
