0 21.9 60.05322374429223 8.407826923227137 83.921 50.17 0 0
10 30.3 65.26787788778873 11.353693517531605 111.125 49.913 60.05322374429223 219
20 25.4 63.768051181102436 9.949579321684055 111.125 49.789 63.08012068965514 522
30 28.7 63.38357491289199 9.639321963544004 111.125 49.635 63.30529381443299 776
40 30.9 64.33303236245958 10.274436457065642 111.125 49.635 63.32642897460019 1063
50 27.5 63.488458181818196 9.778321581254785 111.125 49.635 63.553134839650156 1372
60 28 64.49871071428575 10.177935552944183 111.125 49.551 63.54233576199151 1647
70 25.8 63.960437984496004 11.538670888540889 134.489 49.551 63.68130046704724 1927
80 31.2 64.20965705128205 10.659445553770441 134.489 49.099 63.7142604118993 2185
90 27.3 63.89352014652019 10.147683461109903 134.489 49.099 63.77616019223067 2497
100 29.8 63.36959731543623 9.638199671705841 134.489 49.099 63.787726714801444 2770
110 26.2 63.16383206106868 9.172060643754625 134.489 49.099 63.74711310299869 3068
120 29.2 63.92440753424655 9.898185375845449 134.489 49.099 63.70122132132131 3330
130 30.7 63.49346579804565 9.668941927701978 134.489 49.099 63.71921424627277 3622
140 28.6 64.46923076923078 10.404204693458738 134.489 49.099 63.7015749554594 3929
150 28.2 63.88012765957447 10.166243150358623 134.489 49.099 63.75366263345195 4215
160 26.2 64.07387022900761 9.500728816476567 134.489 49.099 63.76159306204135 4497
170 30.9 62.449213592233036 9.487943938883076 134.489 49.099 63.7787850388737 4759
180 30.7 64.23946905537458 10.035445701684248 134.489 49.099 63.697720007892656 5068
190 32.7 63.519639143730906 9.950803414680218 134.489 49.099 63.728662697674416 5375
200 29.1 63.29436426116841 9.801406048476291 134.489 49.099 63.71667555243774 5702
210 29.5 63.7376644067796 10.076977280133478 134.489 49.099 63.696169531119644 5993
220 27.2 63.579426470588245 9.63773961793547 134.489 49.099 63.698116253180665 6288
230 30.8 63.689574675324664 9.930882278143551 134.489 49.099 63.69319496951219 6560
240 26.9 63.7985873605947 9.788664221365984 134.489 49.099 63.69303261502621 6868
250 28 65.00935714285711 10.872092845624412 134.489 49.099 63.69701106907664 7137
260 26.3 64.48977566539926 10.456370566001974 134.489 49.099 63.746553593096934 7417
270 25.6 63.93816796874998 9.432376394336833 134.489 49.099 63.77200507812499 7680
280 31.2 64.24451282051284 10.10226247665698 134.489 49.099 63.77736517137096 7936
290 25.9 63.645857142857125 8.926740289262762 134.489 49.099 63.7950361299709 8248
300 27.7 63.39614801444042 9.800894315808332 134.489 49.099 63.79049429881274 8507
310 26.3 63.82042965779457 9.84631357208782 134.489 49.099 63.778058743169396 8784
320 27.2 65.05826470588231 9.103000351157082 134.489 49.099 63.779290483033044 9047
330 27.3 63.21108424908421 8.981207753666196 134.489 49.099 63.81662077476123 9319
340 28.2 64.30411702127651 9.613566785401236 134.489 49.099 63.799386467889896 9592
350 28.3 65.64291519434637 10.305348545439148 134.489 49.099 63.813801498885944 9874
360 25.3 64.02364822134389 9.763888531102413 134.489 49.099 63.86476528502509 10157
370 27.7 63.964227436823144 10.068145031627001 134.489 49.099 63.868626705091245 10410
380 30.3 65.19100660066009 10.558277619497678 134.489 49.099 63.8711046130813 10687
390 29.3 63.317665529010256 9.136091131582464 134.489 49.099 63.9074949954504 10990
400 24.5 63.21133469387755 8.770740431488749 134.489 49.099 63.892178144110595 11283
410 29.7 62.6556565656566 9.305554671304597 134.489 49.099 63.877708448993744 11528
420 28.8 86.59788194444447 96.55398841127668 869.414 49.099 63.84701505285411 11825
430 21.4 1355.9250887850471 1563.4004971879529 5556.344 49.099 64.38794212829191 12113
440 22.1 3020.2167556561108 3185.7751045514874 8969.388 49.099 86.80937064979314 12327
450 23.9 3488.9150920502098 4101.207609730901 10741.556 49.099 138.47362248963984 12548
460 22.6 5049.149845132744 5770.881589717798 14321.694 49.099 201.09624790803167 12787
470 24.3 5764.832901234571 7311.19122276353 18229.317 49.099 285.2935977099824 13013
480 23.7 7242.694316455694 9019.879073478463 21313.078 49.099 385.74079526252274 13256
490 20.6 9185.543873786415 10770.029800210586 24706.92 49.099 506.18087415697033 13493
500 21 11446.265585714285 12802.331897087835 28580.715 49.099 636.6976109935034 13699
510 21.7 13350.908225806443 14985.94054006498 33377.246 49.099 799.9019588755484 13909
520 21.8 13192.731660550457 16413.393044411412 37297.509 49.099 992.7073078720092 14126
530 22.5 13169.7135911111 18175.85674872279 40831.258 49.099 1178.1231827244842 14344
540 22.5 15788.003768888888 20488.09117136491 45621.622 49.099 1363.3183122383143 14569
550 24.4 16792.947106557374 21751.045240858304 48074.127 49.099 1582.701455928079 14794
560 21.5 20190.06043255815 23676.664819044785 50636.792 49.099 1829.4962383960635 15038
570 23.7 17689.946156118145 24183.879798395657 54186.22 49.099 2088.299182193667 15253
580 22.6 20386.335137168153 26379.677404437523 57673.821 49.099 2327.0074025177537 15490
590 22.5 22099.621479999994 28521.30733005835 61951.37 49.099 2586.705039832019 15716
600 21.8 23502.36171100919 30828.212478584068 67304.063 49.099 2862.12102371244 15941
610 17.8 34087.20791573038 34161.55720826875 71811.121 49.099 3140.5771453679067 16159
620 19.3 32774.681626943035 35522.02169971595 74669.023 49.099 3477.756571035075 16337
630 18 38317.9265611111 37607.67396178291 78257.226 49.099 3819.8198823351495 16530
640 19.4 37255.663891752556 39360.59890318784 81437.027 49.099 4191.433239736686 16710
650 19.9 37441.51037185934 40919.89585976703 85462.562 49.099 4570.897316079036 16904
660 17.9 40370.14721229053 43111.75876154526 90172.543 49.099 4953.359574051338 17103
670 19.5 44051.670220512846 45376.283223499915 93751.001 49.099 5320.192405161443 17282
680 18.8 44149.880553191506 47261.62316212967 97305.468 49.099 5752.339694398355 17477
690 19.2 48577.22240624995 49315.038732460336 101484.452 49.099 6160.98603923012 17665
700 18.4 49245.90252717394 51156.79272166449 105946.509 49.099 6617.049061152492 17857
710 19 49674.38713684213 52652.66044639374 107706.005 49.099 7051.820361953332 18041
720 20.2 49422.69174257424 53232.85643333396 109642.214 49.099 7496.0246122538565 18231
730 18.5 50103.29397297296 52870.152185144936 109642.214 49.099 7955.482473715621 18433
740 19.4 49767.041804123706 53185.08093506445 109642.214 49.099 8374.289280427545 18618
750 19.1 50711.397434554965 52883.121743753705 109642.214 49.099 8801.154791250266 18812
760 19.7 49894.77995939085 52442.635771136745 109642.214 49.099 9222.396508077672 19003
770 18.9 47533.876634920605 52276.474908171 109642.214 49.099 9639.712109114585 19200
780 19.1 52760.291602094214 52751.337133403125 109642.214 49.099 10009.096661973284 19389
790 19.9 46810.740125628145 52260.585801886315 109642.214 49.099 10426.128236721144 19580
800 18.8 51384.20478723404 52729.31153710087 109642.214 49.099 10792.200220435816 19779
810 19.8 48810.02338383835 52617.62981423701 109642.214 49.099 11174.395685881706 19967
820 18.1 52793.77739226517 52814.63576399868 109642.214 49.099 11543.93966228614 20165
830 19.3 51015.92909326431 52619.33826988367 109642.214 49.099 11910.902241128479 20346
840 19.5 48611.117646153885 52240.374177754544 109642.214 49.099 12278.362691124205 20539
850 19.1 51405.66244502613 52501.813457015625 109642.214 49.099 12620.066521365874 20734
860 21.2 46035.51878773586 52249.33409392088 109642.214 49.099 12974.095138876943 20925
870 19.2 50770.36944270836 52096.367875427524 109642.214 49.099 13305.694789421394 21137
880 18.2 50620.065538461546 52626.10772346034 109642.214 49.099 13642.945365324207 21329
890 18.7 49308.571352941166 52554.51411637186 109642.214 49.099 13955.800921621496 21511
900 11.7 92294.36348717951 33916.0098741864 109642.214 49.099 14260.481909300395 21698
910 11.5 102647.4299217392 1549.5637151667365 109642.214 49.099 14678.999633096493 21815
920 11.1 100434.14939639643 1183.5438809202226 109642.214 49.099 15140.30239110807 21930
930 11.2 98502.73763392854 1403.1452809965083 109642.214 49.099 15569.848102173222 22041
940 11.5 95719.82731304345 1211.0859296385674 109642.214 49.099 15989.135947050061 22153
950 11.7 92826.42374358972 1484.7099826319331 109642.214 49.099 16400.89405317047 22268
960 11.2 90594.92640178569 1388.5110820676277 109642.214 49.099 16800.348463435334 22385
970 11.2 87959.38597321432 1618.0407611838143 109642.214 49.099 17167.730457883266 22497
980 12.4 83107.09593548393 5141.814786907729 109642.214 49.099 17518.416707505854 22609
981 0 0 0 109642.214 49.099 17876.178385430867 22733
