0 7.4 2180.1069459459463 1726.1586384348063 7425.938 183.413 0 0
10 16.5 4359.892418181815 3567.502885689237 16895.584 181.994 2180.1069459459463 74
20 11.9 4494.912445378148 4618.429435285782 23912.752 181.994 3684.9797615062735 239
30 14.2 4925.397485915492 4993.035225470531 31831.245 180.384 3954.2031955307234 358
40 15.7 4363.7244267515935 4018.5709244121135 31831.245 180.384 4230.022373999998 500
50 13.1 5682.998190839697 5531.105009320599 31831.245 180.384 4261.9724840182635 657
60 14.9 5210.684140939597 5011.74231266165 31831.245 180.384 4498.20899111675 788
70 12.2 5540.180065573771 5709.3962367237955 42230.43 180.384 4611.50546638207 937
80 15.7 4854.451210191074 4371.329423524256 42230.43 157.363 4718.491586402266 1059
90 13.8 5245.459253623191 5031.085721051206 42230.43 157.363 4736.045583881578 1216
100 14.8 5377.61622297298 5580.308912819651 42230.43 157.363 4787.96514549483 1354
110 12.9 5353.614906976747 6082.816966037901 42230.43 157.363 4846.066583222371 1502
120 14.8 5504.938506756758 5726.784420313923 42230.43 157.363 4886.209890251381 1631
130 14.6 4937.509246575346 5031.543385492044 42230.43 134.101 4937.683659359192 1779
140 14.8 5201.7059189189185 4764.655496769088 42230.43 134.101 4937.670431168832 1925
150 14 5082.458857142856 4597.678102742488 42230.43 134.101 4956.521011095032 2073
160 13.4 5108.725126865671 5253.215157644018 42230.43 134.101 4964.4881590601 2213
170 14.4 5578.704972222224 5733.56016235971 42230.43 128.382 4972.72324797614 2347
180 16.5 4918.828787878788 5092.662409620153 42230.43 128.382 5007.753905660377 2491
190 15.6 4408.3183397435905 3976.7565647992133 42230.43 128.382 5002.229566641567 2656
200 14.6 5246.0976027397255 4707.618186503306 42230.43 128.382 4969.28143314367 2812
210 14.7 4975.369258503402 5294.7204098795955 42230.43 128.382 4982.944435429345 2958
220 13.6 5551.658367647059 5600.71140545845 42230.43 128.382 4982.585803864735 3105
230 14.9 5311.365557046979 5630.739030419633 42230.43 128.382 5006.465430114163 3241
240 14.3 5817.5672167832145 5622.4555510208365 42230.43 128.382 5019.8666451327435 3390
250 14.7 5639.996523809523 5138.221162091004 42230.43 128.382 5052.1539878290405 3533
260 13 5137.043023076927 5098.953955347431 42230.43 128.382 5075.635741304348 3680
270 13.4 5135.076447761196 4394.182682964322 42230.43 128.382 5077.73100288714 3810
280 15 4663.836519999998 4353.600643952673 42230.43 128.382 5079.6793521805275 3944
290 13.4 5284.461902985075 4585.592223623558 42230.43 128.382 5064.443293356131 4094
300 13.4 4943.7142835820905 4295.669672879014 42230.43 128.382 5071.4164470198675 4228
310 13.2 5377.5647878787895 4590.0681223436295 42230.43 128.382 5067.493455295736 4362
320 14.1 4835.631822695039 4297.132514501862 42230.43 128.382 5076.6010244770805 4494
330 12.3 4891.056130081303 5306.205147907161 42230.43 128.382 5069.270569795038 4635
340 14.5 6197.595420689652 5687.464913667808 42230.43 128.382 5064.663513030685 4758
350 14.9 5319.823241610738 4986.88273186581 42230.43 128.382 5098.168535794411 4903
360 11.8 5020.95601694915 4461.811912606012 42230.43 128.382 5104.705857878067 5052
370 13.5 5298.446281481484 5068.513829706827 42230.43 128.382 5102.794352804641 5170
380 16.5 5200.627018181817 5547.070981025295 44641.261 128.382 5107.773242601318 5305
390 14 4343.4627142857125 4785.458367878569 44641.261 128.382 5110.574133455209 5470
400 12.2 5173.525139344266 4385.089918936654 44641.261 128.382 5091.430532976827 5610
410 14.5 5023.475179310349 5086.350829599957 44641.261 128.382 5093.177836182834 5732
420 14.4 5495.975826388886 5212.212375186113 44641.261 128.382 5091.4581007316665 5877
430 8 7632.608900000002 4868.584130359371 44641.261 128.382 5101.132665171899 6021
440 9.7 12211.433195876281 5744.255506216166 44641.261 128.382 5134.326911817736 6101
450 9.1 14345.43247252747 5225.779934811621 44641.261 128.382 5245.085109551469 6198
460 9.2 16721.437326086965 5067.475396267929 44641.261 128.382 5376.764487835904 6289
470 8.7 19673.23940229884 3912.4066965694738 44641.261 128.382 5540.329744240714 6381
480 8.9 24703.3039775281 5098.330804148922 44641.261 128.382 5730.429178416821 6468
490 9.1 27124.896000000004 5113.384027313637 47450.394 128.382 5987.953329266433 6557
500 8.8 31377.195306818176 5014.830200374449 52588.808 128.382 6277.282719013237 6648
510 9.6 35574.92648958337 4682.465599602706 52588.808 128.382 6605.191315766032 6736
520 7.9 39396.29311392405 5448.770231920192 61958.83 128.382 7012.260194086651 6832
530 7.5 45714.79010666667 5527.936136081457 65207.958 128.382 7382.443756619881 6911
540 8.5 48838.96516470588 5938.085843625566 75680.731 128.382 7793.970521042084 6986
550 8.6 50342.3321395349 3992.9368880248694 75680.731 128.382 8287.369551548578 7071
560 8.9 53290.193573033706 4126.316889156593 75680.731 128.382 8792.710725583343 7157
570 8.3 56811.121771084356 5540.435280222046 75680.731 128.382 9339.257230333975 7246
580 8.1 60576.95929629633 4275.741222223991 75680.731 128.382 9876.870104789194 7329
590 8.1 65147.79720987657 5734.176469930202 85217.552 128.382 10431.081606072876 7410
600 8.5 66169.05182352943 15045.420493844476 85217.552 65.865 11022.732115204913 7491
610 15.8 42659.93669620257 35667.2549482827 86509.581 65.865 11641.454023231257 7576
620 13.1 52154.420816793885 35672.11045136747 96317.778 65.865 12275.13908430308 7734
630 17.3 44089.36845086703 40100.90315198012 97288.432 65.865 12939.371240305152 7865
640 13.3 58129.84026315788 39068.548506613 104514.952 65.865 13609.805367877583 8038
650 14.3 55373.94455944055 41727.43377575567 104514.952 65.008 14334.461424795008 8171
660 14.1 56298.04387234042 44543.26270978609 113192.624 65.008 15040.336585758962 8314
670 15 61187.951193333305 45887.667670746516 113192.624 65.008 15728.371680662332 8455
680 14.5 59277.378137931046 48790.05374101739 121038.742 65.008 16520.810603021502 8605
690 14.3 68780.20702797202 48443.88825777419 121038.742 65.008 17229.348007885717 8750
700 12.8 75138.30618750001 49349.99868128346 126595.439 65.008 18058.289067131456 8893
710 14.4 68489.1276736111 52618.266479862956 127832.567 65.008 18868.20395366368 9021
720 15.9 66272.0644025157 54471.721264438194 127832.567 65.008 19647.845308346976 9165
730 13.4 76924.13783582086 51005.07959357226 136220.783 65.008 20442.917255577013 9324
740 15.2 67984.71223684216 54056.96016614566 136220.783 65.008 21243.137551385076 9458
750 13.7 74930.31333576643 50599.41875135636 136220.783 65.008 21982.442374713846 9610
760 15.1 67999.52057615893 52974.29671317343 136220.783 65.008 22726.656832666467 9747
770 11.8 83405.40322033897 48009.90000517039 136220.783 65.008 23417.32185845626 9898
780 15 69267.35073333337 52923.0657523194 136220.783 65.008 24124.050452775562 10016
790 15.5 63366.21419354842 53566.16213717588 136220.783 65.008 24790.142823627782 10166
800 13.5 73695.91120000002 51878.513582798994 136220.783 65.008 25369.475355585702 10321
810 14.7 68802.3822585034 52523.64389557331 136220.783 65.008 25993.429911725332 10456
820 13.8 70214.66492028987 51817.989659178515 136220.783 65.008 26586.93325936057 10603
830 14.7 70647.8206258503 51926.9414046824 136220.783 65.008 27147.460860999916 10741
840 12.7 79489.15849606296 48619.577786251226 136220.783 65.008 27734.7636609111 10888
850 13.1 77631.34848091604 49470.14827386559 136220.783 65.008 28331.477972673634 11015
860 15.9 65838.38909433963 52455.317808858264 136220.783 65.008 28910.90404808901 11146
870 14.1 72427.73004255322 50605.11712201009 136220.783 65.008 29430.273364528977 11305
880 12.5 77876.28412799997 50196.438851253675 136220.783 65.008 29959.94673440504 11446
890 14.1 67778.60373758861 53033.76335899854 136220.783 65.008 30477.580661826985 11571
900 10.9 105899.67033027527 21128.511009276626 136220.783 65.008 30926.645232667353 11712
910 11.3 106683.20545132745 4650.126669138836 136220.783 65.008 31617.962357753153 11821
920 11 106634.4559727273 5956.926479607293 136220.783 65.008 32328.73598516843 11934
930 11.1 102721.31993693691 5106.981055763572 136220.783 65.008 33007.38337794753 12044
940 11.5 100567.74006086958 4507.673907173899 136220.783 65.008 33644.01414372687 12155
950 11.7 96887.79400000002 4521.942909086784 136220.783 65.008 34271.25362868787 12270
960 11.2 95545.3750803572 5036.4055085367545 136220.783 65.008 34862.69104076856 12387
970 11.8 92944.04427118643 5406.1222225054935 136220.783 65.008 35406.45139059125 12499
980 11.8 91226.69690677967 5635.7732284105905 136220.783 65.008 35944.569482048035 12617
981 0 0 0 136220.783 65.008 36456.802778955636 12735
