0 162.44765625 162.44765625
10 184.04296875 346.490625
20 159.10625 505.596875
30 182.63515625 688.23203125
40 189.8203125 878.05234375
50 173.1875 1051.23984375
60 170.7484375 1221.98828125
70 166.17890625 1388.1671875
80 192.01875 1580.1859375
90 169.32421875 1749.51015625
100 187.8625 1937.37265625
110 164.096875 2101.46953125
120 180.85 2282.31953125
130 196.41953125 2478.7390625
140 174.49140625 2653.23046875
150 175.846875 2829.07734375
160 161.48125 2990.55859375
170 199.62890625 3190.1875
180 183.9953125 3374.1828125
190 208.89609375 3583.07890625
200 181.134375 3764.21328125
210 184.35625 3948.56953125
220 169.02734375 4117.596875
230 195.40859375 4313.00546875
240 165.52109375 4478.5265625
250 170.7484375 4649.275
260 166.35546875 4815.63046875
270 157.73828125 4973.36875
280 192.67265625 5166.04140625
290 160.590625 5326.63203125
300 177.7046875 5504.33671875
310 166.35546875 5670.6921875
320 161.76171875 5832.45390625
330 177.825 6010.27890625
340 175.265625 6185.54453125
350 170.98515625 6356.5296875
360 162.07890625 6518.60859375
370 175.0890625 6693.69765625
380 179.53828125 6873.2359375
390 186.378125 7059.6140625
400 153.81875 7213.4328125
410 188.8734375 7402.30625
420 180.24375 7582.55
430 147.01328125 7729.56328125
440 145.821875 7875.38515625
450 167.07734375 8042.4625
460 154.06328125 8196.52578125
470 173.64140625 8370.1671875
480 166.265625 8536.4328125
490 139.84296875 8676.27578125
500 139.57734375 8815.853125
510 144.34375 8960.196875
520 152.70546875 9112.90234375
530 164.22890625 9277.13125
540 159.57890625 9436.71015625
550 173.06640625 9609.7765625
560 145.203125 9754.9796875
570 171.6421875 9926.621875
580 160.2390625 10086.8609375
590 158.99765625 10245.85859375
600 155.17578125 10401.034375
610 110.89609375 10511.93046875
620 125.37578125 10637.30625
630 111.1265625 10748.4328125
640 124.36484375 10872.79765625
650 129.91796875 11002.715625
660 115.26171875 11117.97734375
670 123.06328125 11241.040625
680 121.49375 11362.534375
690 120.57421875 11483.10859375
700 116.6734375 11599.78203125
710 121.72421875 11721.50625
720 130.80859375 11852.31484375
730 118.7140625 11971.02890625
740 125.09140625 12096.1203125
750 121.43984375 12217.56015625
760 126.2 12343.76015625
770 123.75234375 12467.5125
780 119.0421875 12586.5546875
790 131.22578125 12717.78046875
800 118.4421875 12836.22265625
810 128.3859375 12964.60859375
820 113.021875 13077.63046875
830 122.32421875 13199.9546875
840 126.26015625 13326.21484375
850 120.27734375 13446.4921875
860 140.9703125 13587.4625
870 121.228125 13708.690625
880 115.7890625 13824.4796875
890 120.4703125 13944.95
900 43.5984375 13988.5484375
910 33.85 14022.3984375
920 32.8078125 14055.20625
930 32.88671875 14088.09296875
940 34.06796875 14122.1609375
950 34.66171875 14156.82265625
960 33.17734375 14190
970 33.1046875 14223.1046875
980 36.59453125 14259.69921875
981 0 14259.69921875
