0 53.93984375 53.93984375
10 78.425 132.36484375
20 64.7890625 197.15390625
30 73.81875 270.97265625
40 79.58671875 350.559375
50 69.7671875 420.3265625
60 72.31328125 492.63984375
70 65.4390625 558.07890625
80 80.4953125 638.57421875
90 70.0328125 708.60703125
100 76.6109375 785.21796875
110 66.53984375 851.7578125
120 75.0125 926.7703125
130 78.5328125 1005.303125
140 73.4390625 1078.7421875
150 72.60234375 1151.34453125
160 67.1140625 1218.45859375
170 78.67421875 1297.1328125
180 79.7046875 1376.8375
190 83.3140625 1460.1515625
200 74.353125 1534.5046875
210 75.890625 1610.3953125
220 69.50390625 1679.89921875
230 78.95078125 1758.85
240 68.88984375 1827.73984375
250 72.0796875 1899.81953125
260 67.19140625 1967.0109375
270 66.06796875 2033.07890625
280 79.81171875 2112.890625
290 66.63203125 2179.52265625
300 70.66484375 2250.1875
310 67.24765625 2317.43515625
320 70.56875 2388.00390625
330 69.3109375 2457.31484375
340 72.134375 2529.44921875
350 73.2296875 2602.67890625
360 64.340625 2667.01953125
370 71.1484375 2738.16796875
380 77.66171875 2815.8296875
390 74.8015625 2890.63125
400 62.7109375 2953.3421875
410 76.0546875 3029.396875
420 77.65546875 3107.05234375
430 70.30390625 3177.35625
440 61.5625 3238.91875
450 74.14375 3313.0625
460 65.065625 3378.128125
470 80.13671875 3458.26484375
480 77.5890625 3535.85390625
490 63.88046875 3599.734375
500 61.678125 3661.4125
510 63.75625 3725.16875
520 67.8875 3793.05625
530 75.6328125 3868.6890625
540 73.37578125 3942.06484375
550 74.64140625 4016.70625
560 67.6296875 4084.3359375
570 80.31015625 4164.64609375
580 74.80859375 4239.4546875
590 69.88984375 4309.34453125
600 73.55546875 4382.9
610 48.48828125 4431.38828125
620 47.765625 4479.15390625
630 47.1234375 4526.27734375
640 48.20859375 4574.4859375
650 49.10703125 4623.59296875
660 47.2203125 4670.81328125
670 51.0921875 4721.90546875
680 47.23125 4769.13671875
690 49.48203125 4818.61875
700 47.58828125 4866.20703125
710 48.90390625 4915.1109375
720 48.98359375 4964.09453125
730 46.82578125 5010.9203125
740 50.490625 5061.4109375
750 49.63671875 5111.04765625
760 48.21015625 5159.2578125
770 51.40703125 5210.66484375
780 44.3546875 5255.01953125
790 52.475 5307.49453125
800 47.0734375 5354.56796875
810 51.37421875 5405.9421875
820 48.05078125 5453.99296875
830 47.865625 5501.85859375
840 49.29765625 5551.15625
850 46.88828125 5598.04453125
860 53.82734375 5651.871875
870 49.55078125 5701.42265625
880 47 5748.42265625
890 46.8015625 5795.22421875
900 19.99921875 5815.2234375
910 2.5640625 5817.7875
920 0 5817.7875
930 0.565625 5818.353125
940 0 5818.353125
950 0 5818.353125
960 0 5818.353125
970 0 5818.353125
980 0 5818.353125
981 0 5818.353125
