0 7 71.45398571428566 4.080655299241108 84.316 65.334 0 0
10 15.9 74.55564779874211 7.225004954526705 111.379 65.157 71.45398571428566 70
20 12.6 72.91001587301587 5.654599508623279 111.379 65.157 73.60754148471612 229
30 13.8 72.92721739130435 4.379540032328739 111.379 65.157 73.35996901408448 355
40 15.9 73.57314465408804 5.363203834371048 111.379 65.157 73.23883367139959 493
50 13.5 72.93783703703706 4.556163262784469 111.379 65.157 73.32036042944785 652
60 14.6 73.30410273972606 5.841688677003727 111.379 65.157 73.25474332909783 787
70 12.1 73.73692561983471 8.743115799703762 134.737 65.157 73.26246730975348 933
80 16 73.6464125 6.251937009227121 134.737 65.157 73.31693548387096 1054
90 13.8 73.13856521739135 5.668751802590219 134.737 65.157 73.36035914332784 1214
100 14.6 72.46200684931512 5.023611727395375 134.737 65.157 73.33772041420119 1352
110 13 71.78229999999995 4.687942702212848 134.737 65.157 73.25237049399199 1498
120 14.8 72.80497972972968 5.8208076102956365 134.737 65.122 73.13498157248158 1628
130 14.6 72.5433767123288 5.020957298534236 134.737 65.122 73.10748141891892 1776
140 14.9 73.54022147651004 6.339143217831808 134.737 65.122 73.06463059313215 1922
150 14.1 73.27690780141846 5.583777786354499 134.737 65.122 73.0988474167069 2071
160 13.4 72.71334328358209 4.905418950118967 134.737 65.122 73.11019755877034 2212
170 14.4 72.06029861111115 4.444022278859324 134.737 65.122 73.08752983802215 2346
180 16.5 72.8289090909091 5.318510102170255 134.737 64.747 73.02812369477911 2490
190 15.6 72.86099358974359 5.3768830660866325 134.737 64.747 73.01574312617701 2655
200 14.6 72.2518424657534 5.577324372861462 134.737 64.747 73.00715510494486 2811
210 14.7 73.00255102040815 5.765850288857605 134.737 64.747 72.96986202231992 2957
220 13.7 72.60356934306571 4.539106128916914 134.737 64.747 72.97141011597938 3104
230 14.9 73.19161073825501 5.381338744280095 134.737 64.747 72.95586115396483 3241
240 13.8 72.69905072463764 4.851227935578187 134.737 64.747 72.96622300884957 3390
250 14.6 73.97055479452058 7.493845357825152 134.737 64.747 72.95577239229026 3528
260 12.8 73.50377343750002 6.039427336282136 134.737 64.747 72.99609853021231 3674
270 13.1 72.45017557251907 5.197112319871247 134.737 64.747 73.01319016307208 3802
280 15.9 73.35037106918236 5.5560239997868095 134.737 64.747 72.99443732519705 3933
290 13.1 71.82865648854964 4.3694317721839875 134.737 64.747 73.00826759530791 4092
300 13.1 72.93605343511452 5.539423600120518 134.737 64.747 72.97167534927776 4223
310 12.8 72.66624218750002 5.451435054394644 134.737 64.747 72.97060358291226 4354
320 14.8 72.76188513513513 4.70124248459577 134.737 64.747 72.96191142347165 4482
330 12.5 72.49178399999998 3.8786148178626876 134.737 64.747 72.95551749460043 4630
340 14.2 73.28081690140846 4.796108383725991 134.737 64.747 72.94332681388012 4755
350 15 74.62294000000001 5.467666867723375 134.737 64.747 72.95311313048805 4897
360 12 73.67060833333335 4.927741391509625 134.737 64.747 73.00274143055279 5047
370 13.5 73.47131111111113 5.358737850936706 134.737 64.747 73.01825217727888 5167
380 16.6 73.67084939759039 6.8729333906987335 134.737 64.747 73.0297880045266 5302
390 14.1 72.26504964539005 4.4380989162526685 134.737 64.747 73.04924963423555 5468
400 12.1 71.57392561983468 4.099936292924302 134.737 64.747 73.029536280977 5609
410 14.3 71.4086293706294 5.650052495180745 134.737 64.747 72.9987982547993 5730
420 14.3 92.6479370629371 106.09469506508835 869.761 64.747 72.96007968670185 5873
430 8.5 2997.6878941176474 1283.596339358024 5556.705 64.747 73.42805900930851 6016
440 9.7 6533.849257731959 1050.0132502180481 8969.769 64.747 114.16926307162763 6101
450 9.1 8650.133307692306 1058.8135307325883 10742.166 64.747 214.6386014843498 6198
460 9.2 11956.070000000002 1150.7885524454612 14321.949 64.747 336.6977552870091 6289
470 8.7 15505.415091954019 1209.0119778804644 18229.774 64.747 504.2235735778092 6381
480 8.9 18836.76120224718 1170.4674719001168 21313.342 64.747 706.002123685838 6468
490 8.4 22131.39954761904 1210.5551878976055 24707.287 64.747 952.0960016775963 6557
500 9.1 26055.607945054962 1254.1847817731982 28580.993 64.747 1219.9866051799424 6641
510 9.4 30463.972553191477 1330.3167953246577 33377.624 64.747 1555.7028175876412 6732
520 8.3 34093.6663493976 1459.2500066904943 37297.897 64.747 1953.7950172868443 6826
530 7.5 38852.761026666674 1275.1442345259104 40831.574 64.747 2339.901446663772 6909
540 8.2 42823.6381707317 1310.5994340966329 45621.992 64.747 2732.0068974799538 6984
550 8.9 45481.15266292137 1208.4760736225558 48074.48 64.747 3197.265001698273 7066
560 8.9 48351.82170786517 970.4787783872689 50637.2 64.747 3723.2281046820403 7155
570 8.1 51234.81479012344 1315.267355051377 54186.421 64.747 4271.536336416344 7244
580 8.3 54994.671240963835 1375.863461560343 57674.197 64.747 4790.857231262798 7325
590 8.3 59387.73444578312 1440.591282284526 61951.522 64.747 5353.345968142548 7408
600 7.9 64378.044848101286 1468.768252870111 67304.246 64.747 5952.04497276732 7491
610 10 60394.183970000035 22316.002868013486 71811.459 64.747 6561.7746940554825 7570
620 10 62982.68556000002 23272.21847959858 74669.425 32.838 7263.631399087353 7670
630 10.5 65437.68595238094 25680.01765217276 78257.497 0.899 7980.736343243244 7770
640 9.8 73475.52967346943 20392.23599621872 81437.377 0.899 8746.829004698413 7875
650 10.4 71370.94161538461 28152.01085043718 85462.92 0.899 9542.440777624484 7973
660 9.6 74988.4989479167 29682.186143385952 90172.961 0.899 10338.548749288104 8077
670 10.5 81539.7250380953 27910.275638546776 93751.339 0.225 11097.926605530407 8173
680 9.9 83548.99098989902 31028.284526645155 97305.764 0.225 11991.426102440206 8278
690 10.2 91169.36192156863 26604.948255459367 101484.823 0.225 12837.098649158414 8377
700 9.8 92196.04228571431 31093.38426652606 105946.799 0.225 13779.413881353938 8479
710 9.9 95082.27415151516 31868.83878544594 107706.372 0.225 14675.3949450857 8577
720 10.5 94819.97921904764 34063.61313765934 109642.694 0.225 15592.900828146616 8676
730 10.1 91502.29092079209 36695.98096172797 109642.694 0.225 16540.269377405766 8781
740 10.3 93445.28427184469 35511.21975112847 109642.694 0.225 17392.685970051793 8882
750 10.2 94701.79332352937 32926.75088133251 109642.694 0.225 18264.518760823597 8985
760 10.4 94211.66464423077 32401.37379553015 109642.694 0.225 19122.513919335317 9087
770 9.5 94272.25672631587 32332.437484362763 109642.694 0.225 19972.178991187033 9191
780 10.4 96638.21049999999 29745.456190521738 109642.694 0.225 20732.302551906098 9286
790 10.5 88426.2493333334 38859.883912952835 109642.694 0.225 21573.00696368477 9390
800 9.9 97273.63064646472 28848.81481343307 109642.694 0.225 22312.300323222746 9495
810 10.2 94451.81127450976 32839.62923200121 109642.694 0.225 23085.822493537627 9594
820 9.9 96275.26975757575 30447.14325594658 109642.694 0.225 23836.578563634488 9696
830 10.3 95332.36364077678 31255.407339718455 109642.694 0.225 24568.730725778456 9795
840 10.1 93597.63579207919 32727.78104838758 109642.694 0.225 25305.107184683773 9898
850 10 97930.96427000001 26874.381045022063 109642.694 0.225 25994.930705970593 9999
860 11.3 86070.70020353988 41109.015490170226 109642.694 0.225 26707.23918764234 10099
870 10.4 93466.86656730775 32147.18929464768 109642.694 0.225 27364.120415099886 10212
880 9.6 95714.71284375002 30783.584029477344 109642.694 0.225 28030.530418960843 10316
890 9.6 95748.34443749998 30802.61586312226 109642.694 0.225 28654.58742172494 10412
900 10.4 103790.38510576928 10264.62091556172 109642.694 0.225 29267.54903892273 10508
910 11.5 102649.69489565215 1549.6055202307698 109642.694 0.225 29997.88968639277 10612
920 11.1 100437.09242342346 1184.6738469186646 109642.694 0.225 30776.76146779156 10727
930 11.2 98505.46052678573 1403.7814372792484 109642.694 0.225 31490.204606384945 10838
940 11.5 95722.80786956521 1211.0118544857726 109642.694 0.225 32175.65745232877 10950
950 11.7 92829.69350427353 1484.6700308450454 109642.694 0.225 32836.11134279259 11065
960 11.2 90596.9607678571 1389.6990706853946 109642.694 0.225 33463.83886138437 11182
970 11.2 87962.93679464284 1617.281897681776 109642.694 0.225 34030.41488879052 11294
980 12.4 83108.70293548386 5142.616655860045 109642.694 0.225 34559.999533140464 11406
981 0 0 0 109642.694 0.225 35082.119153425854 11530
