0 7.1 2106.4899718309857 1755.7217588358446 7348.53 104.271 0 0
10 16 4176.548518750002 3404.2022572968285 15068.59 104.271 2106.4899718309857 71
20 12.4 4545.111379032257 4730.979786519624 23829.633 104.271 3540.2967575757584 231
30 13.9 4835.302014388486 5025.6073794210215 31748.013 104.271 3891.27425915493 355
40 16 4238.6475625 3968.104499691619 31748.013 104.271 4156.9015020242905 494
50 13.3 5599.868436090226 5521.730260980398 31748.013 104.271 4176.900538226299 654
60 14.7 5180.9432312925155 5002.822316994718 31748.013 104.271 4417.376688691233 787
70 12.1 5404.117983471076 5711.196496861832 42149.295 104.271 4537.552579229121 934
80 16 4784.171837499998 4395.317284623497 42149.295 70.68 4636.940649289099 1055
90 13.7 5271.915934306568 5027.745702616868 42149.295 70.68 4656.329118518518 1215
100 14.7 5237.958863945579 5614.361311845885 42149.295 70.68 4718.707368343195 1352
110 12.9 5349.342697674418 6076.641080110383 42149.295 70.68 4769.627961974649 1499
120 14.8 5409.648466216217 5738.308439192445 42149.295 70.68 4815.563589066339 1628
130 14.6 4776.903808219178 4876.475535558881 42149.295 64.024 4865.070662162162 1776
140 14.9 5209.050040268457 4896.773133999131 42149.295 64.024 4858.373284079084 1922
150 14.2 4968.570690140845 4576.543671603016 42149.295 64.024 4883.6030458715595 2071
160 13.3 5026.391751879698 5272.215586771092 42149.295 64.024 4889.05510438319 2213
170 14.4 5478.182277777781 5722.166143867053 42149.295 53.886 4896.84102685422 2346
180 16.6 4873.97694578313 5091.3755432923845 42149.295 53.886 4930.460761847389 2490
190 15.5 4344.2782258064535 3986.4964464715176 42149.295 53.886 4926.930523343373 2656
200 14.7 5154.546006802723 4695.975160938376 42149.295 53.886 4894.802773034507 2811
210 14.7 4900.335156462585 5294.089181322589 42149.295 53.886 4907.710905341447 2958
220 13.6 5476.9660955882355 5600.964847067239 42149.295 53.886 4907.361715297907 3105
230 15.1 5223.265158940397 5594.475341744906 42149.295 53.886 4931.26365782166 3241
240 13.6 5714.388470588236 5706.972983108693 42149.295 53.886 4944.262545400943 3392
250 14.6 5673.276876712328 5183.4682041831975 42149.295 53.886 4973.949939342404 3528
260 12.8 5260.449750000002 5069.555082775707 42149.295 53.886 5001.7402857920515 3674
270 13.3 4731.948413533831 4403.409201285154 42149.295 53.886 5010.450125723303 3802
280 15.7 4661.661369426751 4271.66241250652 42149.295 53.886 5001.03698017789 3935
290 13.1 5083.985755725192 4556.68762134697 42149.295 53.886 4988.015970674486 4092
300 13.2 5193.582848484849 4426.4084553961675 42149.295 53.886 4990.993011129528 4223
310 13 5030.51460769231 4384.860643923452 42149.295 53.886 4997.133506773823 4355
320 14.6 4893.150287671233 4503.437330896654 42149.295 53.886 4998.101074916388 4485
330 12.4 4819.546451612903 5298.633947583237 42149.295 53.886 4994.792326279421 4631
340 14.5 6135.525068965518 5678.71124341702 42149.295 53.886 4990.2222971608835 4755
350 14.8 5255.460229729734 4971.834846404912 42149.295 53.886 5024.113909795919 4900
360 12.1 4861.905363636362 4456.808304210314 42149.295 53.886 5030.896646592711 5048
370 13.4 5304.490298507467 5071.7070412156445 42149.295 53.886 5026.940766299092 5169
380 16.5 5129.799812121217 5542.98388789216 44571.997 53.886 5033.9540865547815 5303
390 14.1 4248.520113475177 4775.900839463842 44571.997 53.886 5036.8462856620345 5468
400 12.2 5049.767975409837 4402.323845381676 44571.997 53.886 5017.0292077019085 5609
410 14.4 4908.108284722224 5019.267406782698 44571.997 53.886 5017.72614186006 5731
420 15.7 5372.978891719745 5157.426992599652 44571.997 53.886 5015.039338212767 5875
430 13.9 5046.845388489211 5265.673198017264 44571.997 53.886 5024.355735742706 6032
440 12 5573.131916666666 5108.014659817225 44571.997 53.886 5024.862308701994 6171
450 14.2 4612.477669014084 4658.668012153805 44571.997 53.886 5035.320479573996 6291
460 12.2 5523.028360655737 4634.795092544373 44571.997 53.886 5025.986781594902 6433
470 15.1 4737.31760927153 4728.101942153454 44571.997 53.886 5035.237593592678 6555
480 15.7 4981.9372993630595 4609.15488030929 44571.997 53.886 5028.529284968686 6706
490 13 6383.269315384617 5765.671267090015 44571.997 53.886 5027.463433046773 6863
500 11.9 5250.145563025211 5048.801187351551 44571.997 53.886 5052.667889603891 6993
510 12.2 4913.350762295086 3810.497655492105 44571.997 53.886 5055.972142013499 7112
520 13 5266.232646153847 5108.809992213806 44571.997 53.886 5053.566860243296 7234
530 14.8 5470.830871621617 4609.23935336562 44571.997 53.886 5057.32114489408 7364
540 14.8 4939.631486486478 4107.168958867006 44571.997 53.886 5065.46803514377 7512
550 13.5 5387.936659259259 4983.058613789537 44571.997 53.886 5063.03672845953 7660
560 13.4 6114.677477611941 5284.5320613051945 44571.997 53.886 5068.6636034637595 7795
570 15.9 5566.155572327039 5061.18530995976 44571.997 53.886 5086.341224744609 7929
580 15 5214.066666666666 4723.248037695248 44571.997 53.886 5095.773776829872 8088
590 13.3 4754.205586466165 3916.3048494489603 44571.997 53.886 5097.927689609129 8238
600 14.7 4773.775387755101 4446.523570331446 44571.997 53.886 5092.466569107634 8371
610 16.7 3748.1188802395245 4671.916198670651 44571.997 53.886 5086.966733035924 8518
620 13 4136.8622076923075 4888.464470864187 44571.997 53.886 5061.222623488775 8685
630 17.5 4046.9325828571436 6442.084533717631 44571.997 53.886 5047.590535677822 8815
640 13 3679.3746153846146 4813.386435906675 44571.997 53.886 5028.111654505006 8990
650 14.1 3591.0276028368803 4368.431253842707 44571.997 53.886 5008.886236184211 9120
660 14.6 4389.827732876715 5326.3073960053125 44571.997 53.886 4987.299143289062 9261
670 15.2 4046.4237302631586 5174.490326580706 44571.997 53.886 4978.026173594132 9407
680 14.7 3434.521353741498 4049.173595128649 44571.997 53.886 4963.2125349932 9559
690 14.1 3767.4374893617055 4531.9244498837825 44571.997 53.886 4940.060092829178 9706
700 13.4 3830.084865671642 4553.0256343518895 44571.997 53.886 4923.269213669138 9847
710 14.7 2979.387442176869 4090.298069055456 44571.997 53.886 4908.592657950105 9981
720 14.8 2808.170945945945 3920.1107967058747 44571.997 53.886 4880.591752863349 10128
730 13.1 3973.3256259541977 4634.471589612714 44571.997 53.886 4850.743730342546 10276
740 15.1 3792.8564834437097 4540.466731093235 44571.997 53.886 4839.699070817718 10407
750 14.2 3892.7660845070423 4898.3872716150745 44571.997 53.886 4824.727179295321 10558
760 14.3 3235.339349650351 4171.395105351385 44571.997 53.886 4812.359097476635 10700
770 13 4512.758046153845 4724.21697460643 44571.997 53.886 4791.560995112053 10843
780 13.7 3430.838182481753 4820.8947925088905 44571.997 53.886 4788.257943679941 10973
790 16 3578.958006249999 4417.297894745197 44571.997 53.886 4771.519284158415 11110
800 13.5 3876.058970370371 4700.4594144235 44571.997 53.886 4754.588511801241 11270
810 14.9 3618.744416107382 4643.232103473642 44571.997 53.886 4744.189433494081 11405
820 14.9 4422.202859060404 5555.178732322209 44571.997 53.886 4729.6757319543 11554
830 14 3316.2144571428566 4530.064318135041 44571.997 53.886 4725.761055541313 11703
840 12.7 4329.19372440945 4959.231866297668 44571.997 53.886 4709.098341383094 11843
850 12 3733.2340333333336 4797.788137781112 44571.997 53.886 4705.067607351711 11970
860 16.1 3887.2280310559 4697.865529063268 44571.997 53.886 4695.421616542595 12090
870 14.2 3779.9381690140845 4738.370105009881 44571.997 53.886 4684.800510733816 12251
880 12.6 4626.891007936509 5778.869527256008 44571.997 53.886 4674.43252457032 12393
890 14.4 3442.430986111111 4291.146969043143 44571.997 53.886 4673.954033389246 12519
900 6.1 8417.414327868853 7274.65448481323 44571.997 53.886 4659.949506909893 12663
910 0.9 17437.492666666665 5979.080941610249 44571.997 53.886 4677.96313109085 12724
920 0 0 0 44571.997 53.886 4686.981882824156 12733
930 0.2 36048.323 2653.322 44571.997 53.886 4686.981882824156 12733
940 0 0 0 44571.997 53.886 4691.907103258734 12735
950 0 0 0 44571.997 53.886 4691.907103258734 12735
960 0 0 0 44571.997 53.886 4691.907103258734 12735
970 0 0 0 44571.997 53.886 4691.907103258734 12735
980 0 0 0 44571.997 53.886 4691.907103258734 12735
981 0 0 0 44571.997 53.886 4691.907103258734 12735
