0 15.7 157
10 14.1 298
20 13 428
30 15.2 580
40 14.5 725
50 14.4 869
60 12.9 998
70 13.5 1133
80 15.3 1286
90 14.4 1430
100 14.9 1579
110 12.7 1706
120 14.7 1853
130 15.9 2012
140 13.8 2150
150 13.7 2287
160 13 2417
170 16.2 2579
180 14.5 2724
190 16.8 2892
200 14.6 3038
210 14.7 3185
220 13.5 3320
230 15.9 3479
240 13.9 3618
250 12.9 3747
260 14.1 3888
270 12.4 4012
280 15.5 4167
290 12.6 4293
300 14 4433
310 13.3 4566
320 13.2 4698
330 14.4 4842
340 13.9 4981
350 13.1 5112
360 13.4 5246
370 14.4 5390
380 13.7 5527
390 14.8 5675
400 12.7 5802
410 15.2 5954
420 15 6104
430 12.7 6231
440 12 6351
450 14.8 6499
460 13.4 6633
470 16.3 6796
480 14.6 6942
490 12 7062
500 12.7 7189
510 12.1 7310
520 14.4 7454
530 14 7594
540 14.4 7738
550 15.1 7889
560 12.9 8018
570 15.6 8174
580 13.7 8311
590 14.2 8453
600 14.4 8597
610 14.4 8741
620 14.1 8882
630 15.6 9038
640 13.7 9175
650 15.2 9327
660 14.1 9468
670 14.2 9610
680 14.8 9758
690 14 9898
700 12.4 10022
710 14.5 10167
720 16.8 10335
730 13.1 10466
740 15.5 10621
750 12.6 10747
760 15.8 10905
770 12.1 11026
780 14.9 11175
790 15.5 11330
800 13.3 11463
810 15.3 11616
820 13.3 11749
830 14.4 11893
840 12.9 12022
850 13.2 12154
860 16 12314
870 13.9 12453
880 12.8 12581
890 14.2 12723
900 1.2 12735
910 0 12735
920 0 12735
930 0 12735
940 0 12735
950 0 12735
960 0 12735
970 0 12735
980 0 12735
981 0 12735
