0 83 84
10 59 86
20 70 86
30 80 86
40 68 88
50 81 88
60 61 88
70 74 88
80 70 88
90 76 90
100 77 101
110 75 101
120 74 101
130 87 101
140 77 101
150 74 101
160 70 101
170 88 101
180 68 101
190 80 101
200 80 101
210 80 101
220 79 101
230 89 101
240 85 101
250 67 101
260 78 101
270 68 101
280 73 101
290 65 101
300 71 101
310 72 101
320 63 101
330 84 101
340 78 101
350 60 101
360 76 101
370 85 101
380 57 101
390 65 101
400 70 101
410 77 101
420 83 101
430 130 131
440 153 157
450 210 215
460 252 254
470 328 328
480 385 385
490 414 421
500 453 453
510 478 484
520 543 543
530 608 608
540 667 669
550 732 732
560 772 772
570 845 846
580 901 904
590 962 966
600 1021 1024
610 1007 1024
620 1017 1024
630 1000 1024
640 1004 1024
650 1013 1024
660 1013 1024
670 1005 1024
680 1008 1024
690 1005 1024
700 1001 1024
710 1002 1024
720 1011 1024
730 1008 1024
740 1011 1024
750 1000 1024
760 1007 1024
770 1010 1024
780 1009 1024
790 1009 1024
800 1007 1024
810 1013 1024
820 1008 1024
830 1005 1024
840 1007 1024
850 1008 1024
860 1009 1024
870 1007 1024
880 1010 1024
890 1011 1024
900 914 1024
910 801 1024
920 691 1024
930 580 1024
940 465 1024
950 348 1024
960 236 1024
970 118 1024
980 0 1024
981 0 1024
