0 17.2 172
10 21.7 389
20 21.1 600
30 22.6 826
40 20 1026
50 11.6 1142
60 1.4 1156
70 0.5 1161
80 0.2 1163
90 0.1 1164
100 0.1 1165
110 0 1165
120 0 1165
130 0 1165
140 0 1165
150 0 1165
160 1.2 1177
170 0.6 1183
180 3.2 1215
190 0.6 1221
200 0.2 1223
210 1.8 1241
220 1.7 1258
230 1.4 1272
240 2.2 1294
250 2.8 1322
260 3.8 1360
270 1.1 1371
280 2.7 1398
290 5.4 1452
300 1.5 1467
310 11.5 1582
320 0.6 1588
330 0.1 1589
340 0 1589
350 0 1589
360 0 1589
370 0 1589
380 0 1589
390 0 1589
400 0 1589
410 0 1589
420 0 1589
430 0 1589
440 0 1589
450 1.5 1604
460 3.7 1641
470 4.3 1684
480 3.1 1715
490 1 1725
500 1.5 1740
510 3.8 1778
520 0.5 1783
530 1.2 1795
540 1.4 1809
550 2 1829
560 0.7 1836
570 1.4 1850
580 3.9 1889
590 2 1909
600 0.6 1915
610 0.8 1923
620 13.9 2062
630 21 2272
640 21.8 2490
650 18.2 2672
660 4.3 2715
670 0.9 2724
680 0.1 2725
690 0 2725
700 0.1 2726
710 0.2 2728
720 0.2 2730
730 0 2730
740 0 2730
750 0 2730
760 0.2 2732
770 0.5 2737
780 0.9 2746
790 0.6 2752
800 0.5 2757
810 0.7 2764
820 0.5 2769
830 0.7 2776
840 0.4 2780
850 1.9 2799
860 1.4 2813
870 1.5 2828
880 1.5 2843
890 1.7 2860
900 0.4 2864
910 0 2864
920 0 2864
930 0 2864
940 0 2864
950 0 2864
960 0 2864
970 0 2864
980 0 2864
990 0 2864
1000 0 2864
1010 0 2864
1020 0 2864
1030 0 2864
1040 0 2864
1050 0 2864
1060 0 2864
1070 0 2864
1080 0 2864
1090 0 2864
1100 0 2864
1110 0 2864
1120 0 2864
1130 0 2864
1140 0 2864
1150 0 2864
1160 0 2864
1170 0 2864
1180 0 2864
1190 0 2864
1200 0 2864
1210 0 2864
1220 0 2864
1230 0 2864
1240 0 2864
1250 0 2864
1260 0 2864
1270 0 2864
1280 0 2864
1290 0 2864
1300 0 2864
1310 0 2864
1320 0 2864
1330 0 2864
1340 0 2864
1350 0 2864
1360 0 2864
1370 0 2864
1380 0 2864
1390 0 2864
1400 0 2864
1410 0 2864
1420 0 2864
1430 0 2864
1440 0 2864
1450 0 2864
1460 0 2864
1470 0 2864
1480 0 2864
1490 0 2864
1500 0 2864
1510 0 2864
1520 0 2864
1527 0 2864
