0 120 120
10 307 187
20 484 177
30 707 223
40 919 212
50 990 71
60 991 1
70 990 -1
80 991 1
90 991 0
100 991 0
110 991 0
120 991 0
130 991 0
140 991 0
150 991 0
160 991 0
170 991 0
180 991 0
190 991 0
200 991 0
210 991 0
220 990 -1
230 991 1
240 989 -2
250 991 2
260 990 -1
270 991 1
280 991 0
290 991 0
300 988 -3
310 991 3
320 991 0
330 991 0
340 991 0
350 991 0
360 991 0
370 991 0
380 991 0
390 991 0
400 991 0
410 991 0
420 991 0
430 991 0
440 991 0
450 991 0
460 990 -1
470 989 -1
480 989 0
490 991 2
500 990 -1
510 991 1
520 991 0
530 991 0
540 991 0
550 991 0
560 991 0
570 991 0
580 991 0
590 991 0
600 991 0
610 990 -1
620 976 -14
630 962 -14
640 961 -1
650 989 28
660 991 2
670 990 -1
680 991 1
690 991 0
700 991 0
710 991 0
720 991 0
730 991 0
740 991 0
750 991 0
760 991 0
770 991 0
780 991 0
790 990 -1
800 991 1
810 991 0
820 991 0
830 991 0
840 989 -2
850 991 2
860 991 0
870 991 0
880 990 -1
890 991 1
900 984 -7
910 939 -45
920 933 -6
930 933 0
940 933 0
950 933 0
960 933 0
970 933 0
980 933 0
990 933 0
1000 933 0
1010 933 0
1020 933 0
1030 933 0
1040 933 0
1050 929 -4
1060 917 -12
1070 906 -11
1080 889 -17
1090 881 -8
1100 878 -3
1110 862 -16
1120 857 -5
1130 855 -2
1140 851 -4
1150 842 -9
1160 840 -2
1170 837 -3
1180 829 -8
1190 820 -9
1200 814 -6
1210 813 -1
1220 737 -76
1230 584 -153
1240 353 -231
1250 176 -177
1260 112 -64
1270 106 -6
1280 103 -3
1290 103 0
1300 103 0
1310 103 0
1320 102 -1
1330 102 0
1340 102 0
1350 102 0
1360 100 -2
1370 99 -1
1380 93 -6
1390 88 -5
1400 86 -2
1410 81 -5
1420 74 -7
1430 67 -7
1440 63 -4
1450 55 -8
1460 45 -10
1470 33 -12
1480 23 -10
1490 11 -12
1500 2 -9
1510 1 -1
1520 1 0
1527 0 -1
