0 23.3 27.459854077253222 2.164434937052233 45.196 24.683 0 0
10 39.8 27.412733668341726 2.340829460305316 52.659 24.419 27.459854077253222 233
20 38.6 31.38892227979275 16.26536372169836 113.356 24.194 27.43013312202854 631
30 44.7 96.77116554809838 74.15915912073065 251.469 24.194 28.93268239921338 1017
40 41.5 129.13175903614447 70.8479681838037 254.536 24.194 49.645661885245886 1464
50 23.5 131.05794042553185 72.81341080186195 254.536 24.194 67.20113304949439 1879
60 2.8 171.86110714285718 74.31768153788902 254.536 24.194 74.29969016083253 2114
70 0.8 133.86325 91.0885373822497 254.536 24.194 75.57500280112043 2142
80 0.3 194.823 19.000179385118095 254.536 24.194 75.79188930232556 2150
90 0.1 225.858 0.0 254.536 24.194 75.95774779377611 2153
100 0.2 225.40800000000002 11.797999999999995 254.536 24.194 76.02733936861651 2154
110 0 0 0 254.536 24.194 76.16591141001854 2156
120 0 0 0 254.536 24.194 76.16591141001854 2156
130 0 0 0 254.536 24.194 76.16591141001854 2156
140 0 0 0 254.536 24.194 76.16591141001854 2156
150 0 0 0 254.536 24.194 76.16591141001854 2156
160 0.9 139.79299999999998 81.67944079414625 254.536 24.194 76.16591141001854 2156
170 0.6 205.32866666666666 43.64410200193786 254.536 24.194 76.43041200923786 2165
180 2.9 167.7906206896552 69.36760314560732 254.536 24.194 76.78664854905571 2171
190 1.1 196.24581818181815 39.83136079390477 254.536 24.194 77.98624636363635 2200
200 0.2 229.7065 13.082499999999989 254.536 24.194 78.57460244233377 2211
210 1.6 177.33568750000003 57.13014063491218 254.536 24.194 78.71118798011747 2213
220 1.5 179.0016666666667 75.25301161607347 254.536 24.194 79.41912516823687 2229
230 1.5 160.68280000000001 74.01098021077682 254.536 24.194 80.08478386809269 2244
240 1.9 181.2515789473684 64.74358804693432 254.536 24.194 80.61996325807878 2259
250 3.3 161.90703030303033 67.37348530955377 254.536 24.194 81.45929631255486 2278
260 3.2 181.1465625 66.75906365006622 254.536 24.194 82.60805235828644 2311
270 1.6 159.71656250000004 66.20849086689029 254.536 24.194 83.95386214255227 2343
280 2.8 169.41900000000004 61.775748976207716 254.536 24.194 84.46772530733361 2359
290 4.2 165.52571428571432 72.03737500349771 254.536 24.194 85.46422119815666 2387
300 2.3 152.47034782608696 87.3876581076023 254.536 24.194 86.84856978180319 2429
310 11.4 138.34435964912277 75.77911770114268 254.536 24.194 87.4641084828711 2452
320 1.2 181.37841666666668 73.37703032563884 254.536 24.194 89.72457170693683 2566
330 0.2 190.47899999999998 50.56199999999999 254.536 24.194 90.1511993793638 2578
340 0 0 0 254.536 24.194 90.22897286821701 2580
350 0 0 0 254.536 24.194 90.22897286821701 2580
360 0 0 0 254.536 24.194 90.22897286821701 2580
370 0 0 0 254.536 24.194 90.22897286821701 2580
380 0 0 0 254.536 24.194 90.22897286821701 2580
390 0 0 0 254.536 24.194 90.22897286821701 2580
400 0 0 0 254.536 24.194 90.22897286821701 2580
410 0 0 0 254.536 24.194 90.22897286821701 2580
420 0 0 0 254.536 24.194 90.22897286821701 2580
430 0 0 0 254.536 24.194 90.22897286821701 2580
440 0 0 0 254.536 24.194 90.22897286821701 2580
450 1.2 178.83733333333336 60.677268800231566 254.536 24.194 90.22897286821701 2580
460 3.4 152.0153823529412 79.38832314753434 254.536 24.194 90.63919675925922 2592
470 3.4 183.33197058823535 63.586838317877074 254.536 24.194 91.43386176694588 2626
480 3.8 159.2212894736842 67.54108843585817 254.536 24.194 92.60849924812025 2660
490 1.4 180.18785714285715 72.52223602145084 254.536 24.194 93.54670756115637 2698
500 1.3 202.81776923076924 45.63410853593859 254.536 24.194 93.99397013274331 2712
510 4 172.365525 71.03746075662737 254.536 24.194 94.51312954128436 2725
520 0.9 187.779 49.11162488997216 254.536 24.194 95.63938481012653 2765
530 0.8 172.12587499999998 72.31039711106123 254.536 24.194 95.9383237202595 2774
540 1.5 180.1495333333333 63.26493964049563 254.536 24.194 96.15741085549958 2782
550 2.2 174.82390909090907 61.125332715888746 254.536 24.194 96.60785126921697 2797
560 0.7 175.867 65.75099460410141 254.536 24.194 97.21826392337702 2819
570 1.1 154.12490909090909 83.94699402323582 254.536 24.194 97.41307678697801 2826
580 3.1 201.53780645161294 57.18858520629815 254.536 24.194 97.63296757137817 2837
590 2.6 189.33023076923075 51.8001056208514 254.536 24.194 98.75606729428169 2868
600 1.1 190.4516363636364 51.74326794907322 254.536 24.194 99.56979509329645 2894
610 0.6 222.58799999999997 19.29497981341261 254.536 24.194 99.91392598967295 2905
620 21 125.39203333333332 69.88312785871804 254.536 24.194 100.16677533493642 2911
630 38.4 132.46431770833337 70.0012052560905 255.505 24.194 101.8640852290932 3121
640 45.4 128.41105947136538 70.87432976496514 257.982 24.194 105.21657860199711 3505
650 34.6 134.49390751445088 75.3215412666096 257.982 24.194 107.87641550896684 3959
660 9.6 158.5370520833333 73.82199141182596 257.982 24.194 110.01570754936115 4305
670 1.5 164.66266666666667 61.12892155182266 257.982 24.194 111.07411451942734 4401
680 0.4 134.11149999999998 102.92111147014492 257.982 24.194 111.25614085144922 4416
690 0 0 0 257.982 24.194 111.27682443438908 4420
700 0.1 128.309 0.0 257.982 24.194 111.27682443438908 4420
710 0.2 221.012 15.107 257.982 24.194 111.28067699615467 4421
720 0.3 211.40033333333335 21.765475357904684 257.982 24.194 111.33029550079127 4423
730 0 0 0 257.982 24.194 111.39812426570262 4426
740 0 0 0 257.982 24.194 111.39812426570262 4426
750 0 0 0 257.982 24.194 111.39812426570262 4426
760 0.4 222.15175 17.91384124601701 257.982 24.194 111.39812426570262 4426
770 0.6 192.37266666666665 63.31765333266509 257.982 24.194 111.49812753950334 4430
780 1.5 161.3178 83.81366494329352 257.982 24.194 111.60751600541022 4436
790 1.1 161.25663636363635 80.3526579661893 257.982 24.194 111.77504111435626 4451
800 0.7 188.29771428571425 47.10539101302309 257.982 24.194 111.89702622142529 4462
810 1.2 134.45241666666666 72.63216595335973 257.982 24.194 112.01669612888782 4469
820 1.1 174.42236363636363 60.35879511158515 257.982 24.194 112.076778397679 4481
830 1.5 130.5976 83.82053266258812 257.982 24.194 112.22945013357071 4492
840 0.7 201.96914285714288 57.33507253338191 257.982 24.194 112.29058220545808 4507
850 2.8 161.58624999999998 73.90790280169396 257.982 24.194 112.42964953478058 4514
860 2.6 174.62946153846153 74.82605356950867 257.982 24.194 112.73268450022006 4542
870 2.5 165.77468000000002 81.19908702576403 257.982 24.194 113.08498664623457 4568
880 2.5 157.9244 81.04943231781454 257.982 24.194 113.37178010015231 4593
890 3.2 191.1650625 65.92034475834144 257.982 24.194 113.61297011693364 4618
900 1.1 122.54936363636362 69.3726971238066 257.982 24.194 114.14666193548378 4650
910 0 0 0 257.982 24.194 114.16649238360856 4661
920 0 0 0 257.982 24.194 114.16649238360856 4661
930 0.1 94.601 0.0 257.982 24.194 114.16649238360856 4661
940 0 0 0 257.982 24.194 114.16229558129548 4662
950 0 0 0 257.982 24.194 114.16229558129548 4662
960 0 0 0 257.982 24.194 114.16229558129548 4662
970 0 0 0 257.982 24.194 114.16229558129548 4662
980 0 0 0 257.982 24.194 114.16229558129548 4662
990 0 0 0 257.982 24.194 114.16229558129548 4662
1000 0 0 0 257.982 24.194 114.16229558129548 4662
1010 0 0 0 257.982 24.194 114.16229558129548 4662
1020 0 0 0 257.982 24.194 114.16229558129548 4662
1030 0 0 0 257.982 24.194 114.16229558129548 4662
1040 0 0 0 257.982 24.194 114.16229558129548 4662
1050 0 0 0 257.982 24.194 114.16229558129548 4662
1060 0 0 0 257.982 24.194 114.16229558129548 4662
1070 0 0 0 257.982 24.194 114.16229558129548 4662
1080 0 0 0 257.982 24.194 114.16229558129548 4662
1090 0 0 0 257.982 24.194 114.16229558129548 4662
1100 0 0 0 257.982 24.194 114.16229558129548 4662
1110 0 0 0 257.982 24.194 114.16229558129548 4662
1120 0 0 0 257.982 24.194 114.16229558129548 4662
1130 0 0 0 257.982 24.194 114.16229558129548 4662
1140 0 0 0 257.982 24.194 114.16229558129548 4662
1150 0 0 0 257.982 24.194 114.16229558129548 4662
1160 0 0 0 257.982 24.194 114.16229558129548 4662
1170 0 0 0 257.982 24.194 114.16229558129548 4662
1180 0 0 0 257.982 24.194 114.16229558129548 4662
1190 0 0 0 257.982 24.194 114.16229558129548 4662
1200 0 0 0 257.982 24.194 114.16229558129548 4662
1210 0 0 0 257.982 24.194 114.16229558129548 4662
1220 0 0 0 257.982 24.194 114.16229558129548 4662
1230 0 0 0 257.982 24.194 114.16229558129548 4662
1240 0 0 0 257.982 24.194 114.16229558129548 4662
1250 0 0 0 257.982 24.194 114.16229558129548 4662
1260 0 0 0 257.982 24.194 114.16229558129548 4662
1270 0 0 0 257.982 24.194 114.16229558129548 4662
1280 0 0 0 257.982 24.194 114.16229558129548 4662
1290 0 0 0 257.982 24.194 114.16229558129548 4662
1300 0 0 0 257.982 24.194 114.16229558129548 4662
1310 0 0 0 257.982 24.194 114.16229558129548 4662
1320 0 0 0 257.982 24.194 114.16229558129548 4662
1330 0 0 0 257.982 24.194 114.16229558129548 4662
1340 0 0 0 257.982 24.194 114.16229558129548 4662
1350 0 0 0 257.982 24.194 114.16229558129548 4662
1360 0 0 0 257.982 24.194 114.16229558129548 4662
1370 0 0 0 257.982 24.194 114.16229558129548 4662
1380 0 0 0 257.982 24.194 114.16229558129548 4662
1390 0 0 0 257.982 24.194 114.16229558129548 4662
1400 0 0 0 257.982 24.194 114.16229558129548 4662
1410 0 0 0 257.982 24.194 114.16229558129548 4662
1420 0 0 0 257.982 24.194 114.16229558129548 4662
1430 0 0 0 257.982 24.194 114.16229558129548 4662
1440 0 0 0 257.982 24.194 114.16229558129548 4662
1450 0 0 0 257.982 24.194 114.16229558129548 4662
1460 0 0 0 257.982 24.194 114.16229558129548 4662
1470 0 0 0 257.982 24.194 114.16229558129548 4662
1480 0 0 0 257.982 24.194 114.16229558129548 4662
1490 0 0 0 257.982 24.194 114.16229558129548 4662
1500 0 0 0 257.982 24.194 114.16229558129548 4662
1510 0 0 0 257.982 24.194 114.16229558129548 4662
1520 0 0 0 257.982 24.194 114.16229558129548 4662
1527 0 0 0 257.982 24.194 114.16229558129548 4662
