610 0.1 1
620 13.2 133
630 21.8 351
640 21.3 564
650 12.2 686
660 1.4 700
670 0.4 704
680 0 704
690 0 704
700 0.1 705
710 0 705
720 0 705
730 0 705
740 0 705
750 0 705
760 0.2 707
770 0.3 710
780 0.6 716
790 0.6 722
800 0 722
810 0.6 728
820 0.5 733
830 0.7 740
840 0.5 745
850 1.5 760
860 1 770
870 0.7 777
880 1.3 790
890 1.2 802
900 1.1 813
910 4.5 858
920 0.6 864
930 0.1 865
940 0 865
950 0 865
960 0 865
970 0 865
980 0 865
990 0 865
1000 0 865
1010 0 865
1020 0 865
1030 0 865
1040 0 865
1050 0.4 869
1060 1.2 881
1070 1.1 892
1080 1.7 909
1090 0.8 917
1100 0.3 920
1110 1.6 936
1120 0.5 941
1130 0.2 943
1140 0.4 947
1150 0.9 956
1160 0.2 958
1170 0.3 961
1180 0.8 969
1190 0.9 978
1200 0.6 984
1210 0.1 985
1220 7.6 1061
1230 15.3 1214
1240 23.1 1445
1250 17.7 1622
1260 6.4 1686
1270 0.6 1692
1280 0.3 1695
1290 0 1695
1300 0 1695
1310 0 1695
1320 0.1 1696
1330 0 1696
1340 0 1696
1350 0 1696
1360 0.2 1698
1370 0.1 1699
1380 0.6 1705
1390 0.5 1710
1400 0.2 1712
1410 0.5 1717
1420 0.7 1724
1430 0.7 1731
1440 0.4 1735
1450 0.8 1743
1460 1 1753
1470 1.2 1765
1480 1 1775
1490 1.2 1787
1500 0.9 1796
1510 0.1 1797
1520 0 1797
1527 0.1 1798
