50 54.4 544
60 83.8 1382
70 73.5 2117
80 84.2 2959
90 88 3839
100 87.9 4718
110 73.6 5454
120 79.8 6252
130 80.6 7058
140 77.4 7832
150 78.9 8621
160 83.3 9454
170 79.2 10246
180 71.7 10963
190 77.1 11734
200 88.9 12623
210 86.2 13485
220 82.7 14312
230 89 15202
240 75.3 15955
250 78.1 16736
260 83.7 17573
270 80.6 18379
280 84.4 19223
290 71.5 19938
300 85.6 20794
310 67.1 21465
320 87.2 22337
330 74.4 23081
340 78.8 23869
350 83.7 24706
360 73.1 25437
370 80 26237
380 81.7 27054
390 76.4 27818
400 69.7 28515
410 91 29425
420 82.2 30247
430 88.3 31130
440 84.3 31973
450 83.2 32805
460 83.7 33642
470 80.4 34446
480 79.1 35237
490 82.1 36058
500 80.5 36863
510 74.3 37606
520 92.4 38530
530 80 39330
540 77.4 40104
550 80.3 40907
560 74.3 41650
570 84.8 42498
580 82.2 43320
590 77.4 44094
600 81.6 44910
610 85.7 45767
620 29.2 46059
630 0 46059
640 0.4 46063
650 33.2 46395
660 89.8 47293
670 81.8 48111
680 81 48921
690 90 49821
700 74.4 50565
710 84 51405
720 86.4 52269
730 76.2 53031
740 89.2 53923
750 85.8 54781
760 71.5 55496
770 74.6 56242
780 92 57162
790 76.5 57927
800 85.6 58783
810 84.7 59630
820 86.2 60492
830 89.2 61384
840 87.2 62256
850 79.9 63055
860 78.5 63840
870 86.5 64705
880 80.2 65507
890 78.9 66296
900 7.3 66369
910 0 66369
920 0 66369
930 0 66369
940 0 66369
950 0 66369
960 0 66369
970 0 66369
980 0 66369
990 0 66369
1000 0 66369
1010 0 66369
1020 0 66369
1030 0 66369
1040 0 66369
1050 0 66369
1060 0 66369
1070 0 66369
1080 0 66369
1090 0 66369
1100 0 66369
1110 0 66369
1120 0 66369
1130 0 66369
1140 0 66369
1150 0 66369
1160 0 66369
1170 0 66369
1180 0 66369
1190 0 66369
1200 0 66369
1210 0 66369
1220 0 66369
1230 0 66369
1240 0 66369
1250 0 66369
1260 0 66369
1270 0 66369
1280 0 66369
1290 0 66369
1300 0 66369
1310 0 66369
1320 0 66369
1330 0 66369
1340 0 66369
1350 0 66369
1360 0 66369
1370 0 66369
1380 0 66369
1390 0 66369
1400 0 66369
1410 0 66369
1420 0 66369
1430 0 66369
1440 0 66369
1450 0 66369
1460 0 66369
1470 0 66369
1480 0 66369
1490 0 66369
1500 0 66369
1510 0 66369
1520 0 66369
1527 0 66369
