50 12.8 128
60 20.6 334
70 18.4 518
80 21.2 730
90 21.8 948
100 22.2 1170
110 18.4 1354
120 19.9 1553
130 20.2 1755
140 19.2 1947
150 19.8 2145
160 20.7 2352
170 19.7 2549
180 17.7 2726
190 19.1 2917
200 22.2 3139
210 21.1 3350
220 20.9 3559
230 21.9 3778
240 18.6 3964
250 19 4154
260 20.8 4362
270 20.2 4564
280 20.6 4770
290 17.1 4941
300 21.1 5152
310 15.9 5311
320 21.8 5529
330 18.7 5716
340 19.6 5912
350 20.9 6121
360 18.4 6305
370 19.9 6504
380 20.4 6708
390 19.1 6899
400 17.5 7074
410 22.8 7302
420 20.5 7507
430 22 7727
440 21.2 7939
450 20.4 8143
460 20.3 8346
470 19.7 8543
480 19.4 8737
490 20.5 8942
500 19.9 9141
510 17.9 9320
520 23.1 9551
530 19.9 9750
540 19 9940
550 19.9 10139
560 18.5 10324
570 21.2 10536
580 19.8 10734
590 19.2 10926
600 20.4 11130
610 21.3 11343
620 6.5 11408
630 0 11408
640 0 11408
650 7 11478
660 21.7 11695
670 20.6 11901
680 20.2 12103
690 22.5 12328
700 18.6 12514
710 20.8 12722
720 21.6 12938
730 19.2 13130
740 22.3 13353
750 21.4 13567
760 18 13747
770 18.5 13932
780 23 14162
790 18.9 14351
800 21.2 14563
810 21 14773
820 21.5 14988
830 21.9 15207
840 21.6 15423
850 19.7 15620
860 19.4 15814
870 21.5 16029
880 19.7 16226
890 19.3 16419
900 1.9 16438
910 0 16438
920 0 16438
930 0 16438
940 0 16438
950 0 16438
960 0 16438
970 0 16438
980 0 16438
990 0 16438
1000 0 16438
1010 0 16438
1020 0 16438
1030 0 16438
1040 0 16438
1050 0 16438
1060 0 16438
1070 0 16438
1080 0 16438
1090 0 16438
1100 0 16438
1110 0 16438
1120 0 16438
1130 0 16438
1140 0 16438
1150 0 16438
1160 0 16438
1170 0 16438
1180 0 16438
1190 0 16438
1200 0 16438
1210 0 16438
1220 0 16438
1230 0 16438
1240 0 16438
1250 0 16438
1260 0 16438
1270 0 16438
1280 0 16438
1290 0 16438
1300 0 16438
1310 0 16438
1320 0 16438
1330 0 16438
1340 0 16438
1350 0 16438
1360 0 16438
1370 0 16438
1380 0 16438
1390 0 16438
1400 0 16438
1410 0 16438
1420 0 16438
1430 0 16438
1440 0 16438
1450 0 16438
1460 0 16438
1470 0 16438
1480 0 16438
1490 0 16438
1500 0 16438
1510 0 16438
1520 0 16438
1527 0 16438
