0 1.9 19
10 0.6 25
20 1.7 42
30 0 42
40 0 42
50 13.6 178
60 20.6 384
70 18.8 572
80 20.6 778
90 21.9 997
100 21.6 1213
110 18.8 1401
120 20 1601
130 19.7 1798
140 19.5 1993
150 19.6 2189
160 21.4 2403
170 19.8 2601
180 18.6 2787
190 19.2 2979
200 22.2 3201
210 22 3421
220 21.3 3634
230 22.5 3859
240 20.3 4062
250 20.3 4265
260 22.6 4491
270 20.2 4693
280 21.9 4912
290 19 5102
300 21.5 5317
310 20.4 5521
320 21.3 5734
330 18.7 5921
340 20 6121
350 20.4 6325
360 19.1 6516
370 19.7 6713
380 20.3 6916
390 18.7 7103
400 17.5 7278
410 22.9 7507
420 20.5 7712
430 22.2 7934
440 20.7 8141
450 21.1 8352
460 22.1 8573
470 21.6 8789
480 20.3 8992
490 21.3 9205
500 20.6 9411
510 19.2 9603
520 23.3 9836
530 20.2 10038
540 20 10238
550 20 10438
560 19.3 10631
570 21 10841
580 21.4 11055
590 19.6 11251
600 20.6 11457
610 21.6 11673
620 20.1 11874
630 22.1 12095
640 20.6 12301
650 19.1 12492
660 23.3 12725
670 20.9 12934
680 20.3 13137
690 22.4 13361
700 18.7 13548
710 20.8 13756
720 21.7 13973
730 19.6 14169
740 22.5 14394
750 21.5 14609
760 18.1 14790
770 18.5 14975
780 23.5 15210
790 19.8 15408
800 21 15618
810 21.7 15835
820 22.4 16059
830 22.2 16281
840 22.6 16507
850 20.7 16714
860 20.3 16917
870 21.9 17136
880 20.9 17345
890 20.7 17552
900 2.7 17579
910 4.5 17624
920 0.6 17630
930 0.1 17631
940 0 17631
950 0 17631
960 0 17631
970 0 17631
980 0 17631
990 0 17631
1000 0 17631
1010 0 17631
1020 0 17631
1030 0 17631
1040 0 17631
1050 0.4 17635
1060 1.2 17647
1070 1.2 17659
1080 1.7 17676
1090 0.7 17683
1100 0.4 17687
1110 1.5 17702
1120 0.5 17707
1130 0.2 17709
1140 0.4 17713
1150 0.9 17722
1160 0.2 17724
1170 0.3 17727
1180 0.8 17735
1190 0.9 17744
1200 0.6 17750
1210 0.1 17751
1220 7.6 17827
1230 16.3 17990
1240 23 18220
1250 17.6 18396
1260 5.6 18452
1270 0.6 18458
1280 0.3 18461
1290 0 18461
1300 0 18461
1310 0 18461
1320 0.1 18462
1330 0 18462
1340 0 18462
1350 0 18462
1360 0.2 18464
1370 0.1 18465
1380 0.6 18471
1390 0.5 18476
1400 0.2 18478
1410 0.5 18483
1420 0.7 18490
1430 0.7 18497
1440 0.4 18501
1450 0.8 18509
1460 1 18519
1470 1.2 18531
1480 1.1 18542
1490 1.3 18555
1500 0.8 18563
1510 0 18563
1520 0 18563
1527 0.1 18564
