0 17.2 259.05516279069764 737.6612355742012 4692.283 51.077 0 0
10 21.7 269.86983410138265 1268.496650599463 8250.13 50.089 259.05516279069764 172
20 21.1 1464.561080568722 4742.993558454038 18530.28 50.089 265.0880257069409 389
30 22.6 368.70992920354 276.0017201406001 18530.28 49.829 686.9027166666673 600
40 20 486.31800500000065 256.6246617728408 18530.28 49.829 599.8427046004847 826
50 11.6 419.0388189655172 238.57744389457469 18530.28 49.829 577.7131335282656 1026
60 1.4 339.3152142857143 170.43552190079666 18530.28 49.829 561.5956024518393 1142
70 0.5 305.7544 222.68031550327925 18530.28 49.829 558.9036254325264 1156
80 0.2 340.462 133.137 18530.28 49.829 557.8134048234285 1161
90 0.1 255.675 0.0 18530.28 49.829 557.4396276870167 1163
100 0.1 488.27 0.0 18530.28 49.829 557.1803797250863 1164
110 0 0 0 18530.28 49.829 557.1212291845497 1165
120 0 0 0 18530.28 49.829 557.1212291845497 1165
130 0 0 0 18530.28 49.829 557.1212291845497 1165
140 0 0 0 18530.28 49.829 557.1212291845497 1165
150 0 0 0 18530.28 49.829 557.1212291845497 1165
160 1.2 79086.69358333333 78956.26625867106 161624.236 49.829 557.1212291845497 1165
170 0.6 55961.61033333334 78813.9478385534 167434.578 49.829 1357.7625785896348 1177
180 3.2 54877.505687500015 80919.56572149791 176168.114 49.829 1634.7051707523246 1183
190 0.6 432.807 298.02712470176266 176168.114 49.829 3036.9846905349796 1215
200 0.2 368.973 98.928 176168.114 49.829 3024.1877485667487 1221
210 1.8 87605.82561111113 97666.408961483 200388.104 49.829 3019.8456148814394 1223
220 1.7 87027.63200000003 103681.79361053625 212458.816 49.829 4246.717202256245 1241
230 1.4 94473.62285714284 108815.546859367 221321.79 49.829 5365.378213036567 1258
240 2.2 72729.37063636364 105950.34683818535 230626.019 49.829 6346.129333333334 1272
250 2.8 93283.27560714287 115492.48528507746 242056.229 49.829 7474.747037094282 1294
260 3.8 105346.61610526317 123151.47311996622 255287.708 49.829 9292.174268532528 1322
270 1.1 47926.5899090909 100970.18141733417 263503.067 49.829 11976.048378676473 1360
280 2.7 119976.39051851847 133763.0176318672 271530.102 49.829 12264.49181911014 1371
290 5.4 125322.21074074075 139657.07390648848 286373.822 49.829 14344.764540772534 1398
300 1.5 59956.9834 119102.43728976094 298202.384 49.829 18472.024936639118 1452
310 11.5 120672.88205217394 147363.88869415646 304583.989 49.829 18896.206516019087 1467
320 0.6 260.2198333333333 13.873122616732283 304583.989 49.829 26294.63741782554 1582
330 0.1 267.975 0.0 304583.989 49.829 26196.27060075567 1588
340 0 0 0 304583.989 49.829 26179.953234109504 1589
350 0 0 0 304583.989 49.829 26179.953234109504 1589
360 0 0 0 304583.989 49.829 26179.953234109504 1589
370 0 0 0 304583.989 49.829 26179.953234109504 1589
380 0 0 0 304583.989 49.829 26179.953234109504 1589
390 0 0 0 304583.989 49.829 26179.953234109504 1589
400 0 0 0 304583.989 49.829 26179.953234109504 1589
410 0 0 0 304583.989 49.829 26179.953234109504 1589
420 0 0 0 304583.989 49.829 26179.953234109504 1589
430 0 0 0 304583.989 49.829 26179.953234109504 1589
440 0 0 0 304583.989 49.829 26179.953234109504 1589
450 1.5 203091.29893333334 216801.91025879286 437334.081 49.829 26179.953234109504 1589
460 3.7 180428.16432432426 218172.48252261666 448952.885 49.829 27834.36108042394 1604
470 4.3 235084.73211627908 229359.74778438263 462361.15 49.829 31274.92824680073 1641
480 3.1 136405.49880645156 212620.52860908024 471219.669 49.829 36479.09782304038 1684
490 1 143578.86469999998 218686.7621718232 478332.689 49.829 38285.347636734696 1715
500 1.5 164121.32813333336 231573.54653916595 492770.382 49.829 38895.744837101454 1725
510 3.8 182269.74363157898 238213.05633674384 499272.59 49.829 39975.27572758622 1740
520 0.5 101191.233 201784.14455495164 504759.485 49.829 43016.43983352082 1778
530 1.2 254169.11158333326 253938.9692331399 509341.237 49.829 43179.577223219305 1783
540 1.4 111037.41442857144 212102.68355113207 517466.992 49.829 44590.092216156 1795
550 2 183902.32325000007 250213.0351942528 525811.378 49.829 45104.33351575457 1809
560 0.7 152911.40528571428 241248.82715392392 534619.9 49.829 46622.08080645163 1829
570 1.4 235918.74535714294 271870.3156935186 550428.967 49.829 47027.323328976054 1836
580 3.9 230099.8185384616 275536.2667333971 562783.459 49.829 48456.77192810812 1850
590 2 86399.4552 204897.722344536 574503.655 49.829 52206.945997882496 1889
600 0.6 97509.00566666666 217478.19509406737 583805.032 49.829 52565.17029544266 1909
610 0.8 222500.751125 286855.35256347054 593081.684 49.829 52705.98648981725 1915
620 13.9 13358.787856115105 87113.45333766843 599909.121 49.829 53412.36096567865 1923
630 21 529.1498809523811 266.0535251921171 599909.121 49.829 50712.33833608149 2062
640 21.8 480.6109770642202 208.08427263106302 599909.121 49.829 46073.92743133804 2272
650 18.2 526.9329395604399 308.1559551684894 599909.121 49.829 42082.22342048194 2490
660 4.3 305.2523488372093 126.88155874982498 599909.121 49.829 39251.735820359296 2672
670 0.9 310.6418888888889 174.47016641722539 599909.121 49.829 38634.90385377533 2715
680 0.1 269.036 0.0 599909.121 49.829 38508.281842878125 2724
690 0 0 0 599909.121 49.829 38494.2490921101 2725
700 0.1 158.196 0.0 599909.121 49.829 38494.2490921101 2725
710 0.2 247.69600000000003 14.022000000000013 599909.121 49.829 38480.185976522385 2726
720 0.2 600.7785 137.6885 599909.121 49.829 38452.156291788866 2728
730 0 0 0 599909.121 49.829 38424.426344688654 2730
740 0 0 0 599909.121 49.829 38424.426344688654 2730
750 0 0 0 599909.121 49.829 38424.426344688654 2730
760 0.2 386.8935 108.77950000000003 599909.121 49.829 38424.426344688654 2730
770 0.5 247.8056 19.812236709670096 599909.121 49.829 38396.58042020499 2732
780 0.9 329.39366666666666 155.63079330189697 599909.121 49.829 38326.88956375595 2737
790 0.6 334.39950000000005 181.14584374176698 599909.121 49.829 38202.35297851422 2746
800 0.5 246.4826 13.877901809711732 599909.121 49.829 38119.79203343025 2752
810 0.7 226.23771428571428 46.14538435892211 599909.121 49.829 38051.106307218004 2757
820 0.5 261.452 12.249529444023544 599909.121 49.829 37955.3125010854 2764
830 0.7 260.47799999999995 10.83748435490713 599909.121 49.829 37887.24846984472 2769
840 0.4 268.153 9.694255953914157 599909.121 49.829 37792.36828494238 2776
850 1.9 233.7536842105263 35.303080555985225 599909.121 49.829 37738.3766082734 2780
860 1.4 466.4735 181.70212165352626 599909.121 49.829 37483.79002893892 2799
870 1.5 301.3221999999999 133.87330187467055 599909.121 49.829 37299.55880554569 2813
880 1.5 282.3409333333332 119.09533957154757 599909.121 49.829 37103.31639073551 2828
890 1.7 319.3856470588236 156.01626388520836 599909.121 49.829 36909.04462434049 2843
900 0.4 446.61749999999995 216.13864928385667 599909.121 49.829 36691.5536444056 2860
910 0 0 0 599909.121 49.829 36640.9322252095 2864
920 0 0 0 599909.121 49.829 36640.9322252095 2864
930 0 0 0 599909.121 49.829 36640.9322252095 2864
940 0 0 0 599909.121 49.829 36640.9322252095 2864
950 0 0 0 599909.121 49.829 36640.9322252095 2864
960 0 0 0 599909.121 49.829 36640.9322252095 2864
970 0 0 0 599909.121 49.829 36640.9322252095 2864
980 0 0 0 599909.121 49.829 36640.9322252095 2864
990 0 0 0 599909.121 49.829 36640.9322252095 2864
1000 0 0 0 599909.121 49.829 36640.9322252095 2864
1010 0 0 0 599909.121 49.829 36640.9322252095 2864
1020 0 0 0 599909.121 49.829 36640.9322252095 2864
1030 0 0 0 599909.121 49.829 36640.9322252095 2864
1040 0 0 0 599909.121 49.829 36640.9322252095 2864
1050 0 0 0 599909.121 49.829 36640.9322252095 2864
1060 0 0 0 599909.121 49.829 36640.9322252095 2864
1070 0 0 0 599909.121 49.829 36640.9322252095 2864
1080 0 0 0 599909.121 49.829 36640.9322252095 2864
1090 0 0 0 599909.121 49.829 36640.9322252095 2864
1100 0 0 0 599909.121 49.829 36640.9322252095 2864
1110 0 0 0 599909.121 49.829 36640.9322252095 2864
1120 0 0 0 599909.121 49.829 36640.9322252095 2864
1130 0 0 0 599909.121 49.829 36640.9322252095 2864
1140 0 0 0 599909.121 49.829 36640.9322252095 2864
1150 0 0 0 599909.121 49.829 36640.9322252095 2864
1160 0 0 0 599909.121 49.829 36640.9322252095 2864
1170 0 0 0 599909.121 49.829 36640.9322252095 2864
1180 0 0 0 599909.121 49.829 36640.9322252095 2864
1190 0 0 0 599909.121 49.829 36640.9322252095 2864
1200 0 0 0 599909.121 49.829 36640.9322252095 2864
1210 0 0 0 599909.121 49.829 36640.9322252095 2864
1220 0 0 0 599909.121 49.829 36640.9322252095 2864
1230 0 0 0 599909.121 49.829 36640.9322252095 2864
1240 0 0 0 599909.121 49.829 36640.9322252095 2864
1250 0 0 0 599909.121 49.829 36640.9322252095 2864
1260 0 0 0 599909.121 49.829 36640.9322252095 2864
1270 0 0 0 599909.121 49.829 36640.9322252095 2864
1280 0 0 0 599909.121 49.829 36640.9322252095 2864
1290 0 0 0 599909.121 49.829 36640.9322252095 2864
1300 0 0 0 599909.121 49.829 36640.9322252095 2864
1310 0 0 0 599909.121 49.829 36640.9322252095 2864
1320 0 0 0 599909.121 49.829 36640.9322252095 2864
1330 0 0 0 599909.121 49.829 36640.9322252095 2864
1340 0 0 0 599909.121 49.829 36640.9322252095 2864
1350 0 0 0 599909.121 49.829 36640.9322252095 2864
1360 0 0 0 599909.121 49.829 36640.9322252095 2864
1370 0 0 0 599909.121 49.829 36640.9322252095 2864
1380 0 0 0 599909.121 49.829 36640.9322252095 2864
1390 0 0 0 599909.121 49.829 36640.9322252095 2864
1400 0 0 0 599909.121 49.829 36640.9322252095 2864
1410 0 0 0 599909.121 49.829 36640.9322252095 2864
1420 0 0 0 599909.121 49.829 36640.9322252095 2864
1430 0 0 0 599909.121 49.829 36640.9322252095 2864
1440 0 0 0 599909.121 49.829 36640.9322252095 2864
1450 0 0 0 599909.121 49.829 36640.9322252095 2864
1460 0 0 0 599909.121 49.829 36640.9322252095 2864
1470 0 0 0 599909.121 49.829 36640.9322252095 2864
1480 0 0 0 599909.121 49.829 36640.9322252095 2864
1490 0 0 0 599909.121 49.829 36640.9322252095 2864
1500 0 0 0 599909.121 49.829 36640.9322252095 2864
1510 0 0 0 599909.121 49.829 36640.9322252095 2864
1520 0 0 0 599909.121 49.829 36640.9322252095 2864
1527 0 0 0 599909.121 49.829 36640.9322252095 2864
