0 1.9 3031.7508421052635 1705.8670048169597 6057.746 403.473 0 0
10 0.6 9624.072999999999 895.2213896498832 10928.186 403.473 3031.7508421052635 19
20 1.7 19648.893647058823 1474.939430382818 21852.128 403.473 4613.90816 25
30 0 0 0 21852.128 403.473 10699.497523809523 42
40 0 0 0 21852.128 403.473 10699.497523809523 42
50 13.6 2921.497889705884 5218.725299284104 25355.394 65.056 10699.497523809523 42
60 20.6 2352.7083058252388 5719.845249295412 32741.407 64.535 4756.75623033708 178
70 18.8 729.2847606382974 3371.7707577314245 32741.407 64.535 3467.0846874999984 384
80 20.6 465.0166359223306 2883.8699607528824 33253.75 64.535 2567.2483479020966 572
90 21.9 129.81126027397252 650.7985841937469 33253.75 64.535 2010.6163007712075 778
100 21.6 104.16068981481486 539.7129928234585 33253.75 64.497 1597.4805897693072 997
110 18.8 66.82750531914894 1.287521189651462 33253.75 64.497 1331.5637732893647 1213
120 20 66.756415 1.27276150663626 33253.75 64.497 1161.8489850107062 1401
130 19.7 67.07293401015231 1.4066945850268326 33253.75 64.497 1025.0479144284818 1601
140 19.5 66.91450256410253 1.1379455233428333 33253.75 64.497 920.08625083426 1798
150 19.6 67.28583163265306 1.0879817287347242 33253.75 64.497 836.6098379327644 1993
160 21.4 4628.599738317761 26733.70255256805 165252.128 64.497 767.7256418455913 2189
170 19.8 1824.979727272727 16987.81384828719 171971.707 64.497 1111.5571260923846 2403
180 18.6 9846.213155913985 39915.08117319156 180929.798 64.497 1165.8661130334488 2601
190 19.2 275.7275104166669 1346.7602623228943 180929.798 64.497 1745.1788327951208 2787
200 22.2 421.09277477477514 2713.947944364579 180929.798 64.497 1650.4709932863382 2979
210 22 7552.652136363643 37743.31664272639 208163.181 64.497 1565.2095235863796 3201
220 21.3 7481.745009389677 38564.057709587796 225179.034 64.497 1950.2540646009948 3421
230 22.5 6131.047991111109 36226.91957129215 230772.689 64.497 2274.4718882773814 3634
240 20.3 8292.29265517241 42624.485655017656 240265.213 64.445 2499.330562321846 3859
250 20.3 13375.096586206895 54700.94287095408 246721.803 64.445 2788.8360534219605 4062
260 22.6 18427.35180973453 64776.58552309056 265843.615 64.445 3292.707305041032 4265
270 20.2 3036.3752376237626 26369.571407239408 267610.476 64.445 4054.3260220440898 4491
280 21.9 16599.3884063927 64836.64622226963 282423.204 64.445 4010.51053974004 4693
290 19 34690.12454210524 92939.38966018132 291421.75 64.445 4571.78176384365 4912
300 21.5 14572.588237209304 63287.81370439479 306047.666 64.445 5693.397821834576 5102
310 20.4 58724.32088725497 119386.72148262145 310113.055 64.445 6052.439751363551 5317
320 21.3 883.2174037558686 3035.1101662672045 310113.055 64.445 7998.656696069555 5521
330 18.7 192.86668449197867 1206.3165449004184 310113.055 64.445 7734.340587024767 5734
340 20 67.61993 1.14213517812035 310113.055 64.445 7496.161965208582 5921
350 20.4 67.65184803921562 1.0842449670054042 310113.055 64.445 7253.438814246041 6121
360 19.1 67.11772251308895 1.2684088649388539 310113.055 64.445 7021.675882845852 6325
370 19.7 67.0005177664975 1.7936575982147707 310113.055 64.445 6817.820663597301 6516
380 20.3 67.4642709359606 1.1511434839681605 310113.055 64.445 6619.710791896322 6713
390 18.7 67.64289839572194 1.0009713920210144 310113.055 64.445 6427.387766483518 6916
400 17.5 67.60796571428568 1.1565919438327321 310113.055 64.445 6259.955373081799 7103
410 22.9 67.86528384279477 1.0319711933418554 310113.055 64.445 6111.059962764498 7278
420 20.5 67.46617073170722 1.116527200905952 310113.055 64.445 5926.713142267219 7507
430 22.2 67.5342207207206 1.088146084738993 310113.055 64.445 5770.962931016599 7712
440 20.7 67.26438647342995 1.1503146704169478 310113.055 64.445 5611.376193723218 7934
450 21.1 14614.477706161151 78539.00071073671 446586.793 64.445 5470.406884780741 8141
460 22.1 30744.73811764708 113027.15019015952 463488.845 64.445 5701.417294659964 8352
470 21.6 47434.69190740743 140057.1071301138 475837.699 64.445 6346.99922652514 8573
480 20.3 21242.45979802956 97397.75645636587 487500.368 64.445 7356.777542496306 8789
490 21.3 7304.6174225352215 57001.55021948835 487500.368 64.445 7670.255467081854 8992
500 20.6 21916.83877669903 101108.2519832016 500488.648 64.445 7661.794749701253 9205
510 19.2 26137.05523437499 110671.78991927812 504749.961 64.445 7973.827378493256 9411
520 23.3 2585.0036523605163 33297.77252529512 508834.784 64.445 8336.978450900764 9603
530 20.2 15401.54212871288 87178.12916701473 525081.897 64.445 8200.722846177312 9836
540 20 8200.669504999982 63213.64742706905 525081.897 64.445 8345.628753237701 10038
550 20 18813.264560000014 97293.64734590198 534653.436 64.445 8342.796964836885 10238
560 19.3 6109.772295336788 54387.75822870155 537837.177 64.445 8543.41906859552 10438
570 21 16023.274714285693 92558.26175211929 559792.492 64.445 8499.237540306654 10631
580 21.4 42520.57036448599 148896.88833337446 579847.118 64.445 8644.984962734068 10841
590 19.6 9748.051545918366 70980.82131334186 582321.071 64.445 9300.740302035281 11055
600 20.6 3111.0815582524287 40921.35805725247 588698.292 64.445 9308.532765265312 11251
610 21.6 14064.433634259258 90381.46563122795 614652.154 64.445 9197.100894038582 11457
620 20.1 418332.06923880597 279014.4410143495 622198.949 64.445 9287.167189925472 11673
630 22.1 604937.2074751126 4534.195008706823 624864.056 64.445 16211.37346513391 11874
640 20.6 605198.0613252436 4355.476181926268 626858.949 64.445 26968.579692186846 12095
650 19.1 384277.9425340316 289970.82945122797 626858.949 64.445 36651.96097959516 12301
660 23.3 38412.797231759694 143011.42300294637 626858.949 64.445 41967.087658821656 12492
670 20.9 12984.35093301435 82670.39694465503 626858.949 64.445 41902.00713469549 12725
680 20.3 723.0703645320192 4199.017501390039 626858.949 64.445 41434.727859440245 12934
690 22.4 66.86126339285711 1.1659642803043515 626858.949 64.445 40805.62939925402 13137
700 18.7 3299.217219251335 44081.52225140424 626858.949 64.445 40122.63530731233 13361
710 20.8 134.69463942307695 969.4588815517434 626858.949 64.445 39614.36994102451 13548
720 21.7 163.92708294930873 1027.5788074826603 626858.949 64.445 39017.410616894456 13756
730 19.6 150.54786224489808 1153.1278548838136 626858.949 64.445 38414.01793623417 13973
740 22.5 67.28161777777784 0.974814792959585 626858.949 64.445 37884.71875248783 14169
750 21.5 67.3200744186046 1.0530243284570027 626858.949 64.445 37293.57498735585 14394
760 18.1 6712.113790055247 62864.474831929794 626858.949 64.445 36745.71785775892 14609
770 18.5 9914.419616216204 76111.51807416817 626858.949 64.445 36378.166651791755 14790
780 23.5 18034.337429787247 102292.25614489916 626858.949 64.445 36051.23555318865 14975
790 19.8 15391.535151515138 94635.39013871572 626858.949 64.445 35772.86796219592 15210
800 21 176.121619047619 927.9087787633302 626858.949 64.445 35510.958311591385 15408
810 21.7 16825.592944700453 98698.31893859689 626858.949 64.445 35035.8452557946 15618
820 22.4 13571.223866071436 88949.76596256428 626858.949 64.445 34786.29522412378 15835
830 22.2 19074.055090090078 105339.54038155294 626858.949 64.445 34490.37542935426 16059
840 22.6 13403.551530973467 88665.07050370338 626858.949 64.445 34280.16579141331 16281
850 20.7 43805.568690821216 156350.06383071744 626858.949 64.445 33994.340697643434 16507
860 20.3 33004.75056157635 136512.5683535861 626858.949 64.445 34115.85105988992 16714
870 21.9 16758.374420091317 98382.35418333481 626858.949 64.445 34102.51811662825 16917
880 20.9 37842.41271291863 145639.00502804673 626858.949 64.445 33880.85801686509 17136
890 20.7 35195.677082125585 140700.97947114237 626858.949 64.445 33928.59309507063 17345
900 2.7 246305.13255555555 296324.51775675913 626858.949 64.445 33943.53648530083 17552
910 4.5 602812.7597777781 1729.4380689551606 626858.949 64.445 34269.707660788445 17579
920 0.6 602927.7209999999 1406.0685582267995 626858.949 64.445 35721.38930770541 17624
930 0.1 602757.956 0.0 626858.949 64.445 35914.42606267726 17630
940 0 0 0 626858.949 64.445 35946.576452895475 17631
950 0 0 0 626858.949 64.445 35946.576452895475 17631
960 0 0 0 626858.949 64.445 35946.576452895475 17631
970 0 0 0 626858.949 64.445 35946.576452895475 17631
980 0 0 0 626858.949 64.445 35946.576452895475 17631
990 0 0 0 626858.949 64.445 35946.576452895475 17631
1000 0 0 0 626858.949 64.445 35946.576452895475 17631
1010 0 0 0 626858.949 64.445 35946.576452895475 17631
1020 0 0 0 626858.949 64.445 35946.576452895475 17631
1030 0 0 0 626858.949 64.445 35946.576452895475 17631
1040 0 0 0 626858.949 64.445 35946.576452895475 17631
1050 0.4 602018.9505 789.0617227645805 626858.949 64.445 35946.576452895475 17631
1060 1.2 602438.5092500001 1558.2327521462844 626858.949 64.445 36074.97392928835 17635
1070 1.2 603397.9959166667 2761.982456498895 626858.949 64.445 36460.10241706806 17647
1080 1.7 603693.6814117647 2530.8272447984677 626858.949 64.445 36845.35949402571 17659
1090 0.7 605734.0114285713 3820.3566202159386 626858.949 64.445 37390.52929899299 17676
1100 0.4 602655.4249999999 1956.190050721157 626858.949 64.445 37615.513994740715 17683
1110 1.5 602947.5272666666 1629.5292066173479 626858.949 64.445 37743.30048448013 17687
1120 0.5 604302.3938 1779.3714022874997 626858.949 64.445 38222.2330006779 17702
1130 0.2 602204.937 145.86800000001676 626858.949 64.445 38382.07943451743 17707
1140 0.4 602081.3225 1175.2492154850886 626858.949 64.445 38445.75585414197 17709
1150 0.9 602278.8237777777 1986.1565814132973 626858.949 64.445 38573.037639643204 17713
1160 0.2 602389.6059999999 894.5849999999919 626858.949 64.445 38859.31187930257 17722
1170 0.3 601733.778 404.44936441536095 626858.949 64.445 38922.901395678186 17724
1180 0.8 603060.745125 944.9987029769694 626858.949 64.445 39018.147778586346 17727
1190 0.9 602924.4493333333 1155.8888054547215 626858.949 64.445 39272.57917293488 17735
1200 0.6 602507.2230000001 1213.0963105175672 626858.949 64.445 39558.47112691615 17744
1210 0.1 600507.91 0.0 626858.949 64.445 39748.763662760575 17750
1220 7.6 602990.1876710526 2067.2120892786943 626858.949 64.445 39780.35394760859 17751
1230 16.3 603988.621300613 2901.735978741904 626858.949 64.445 42181.428012957884 17827
1240 23 604921.9027043477 3865.7636858186447 626858.949 64.445 47271.73221006115 17990
1250 17.6 605274.808306818 4659.800775236709 627766.345 64.445 54311.2239341932 18220
1260 5.6 604571.3014464286 3640.4765145826336 627766.345 64.445 59582.45631349206 18396
1270 0.6 603805.4668333334 1014.2606127760225 627766.345 64.445 61236.44370388034 18452
1280 0.3 604159.6493333334 432.48227061491605 627766.345 64.445 61412.81244040525 18458
1290 0 0 0 627766.345 64.445 61501.01137386924 18461
1300 0 0 0 627766.345 64.445 61501.01137386924 18461
1310 0 0 0 627766.345 64.445 61501.01137386924 18461
1320 0.1 602022.96 0.0 627766.345 64.445 61501.01137386924 18461
1330 0 0 0 627766.345 64.445 61530.28891414798 18462
1340 0 0 0 627766.345 64.445 61530.28891414798 18462
1350 0 0 0 627766.345 64.445 61530.28891414798 18462
1360 0.2 603362.1145 1635.032499999972 627766.345 64.445 61530.28891414798 18462
1370 0.1 603187.967 0.0 627766.345 64.445 61588.97953650347 18464
1380 0.6 602249.7353333334 1356.5108100317455 627766.345 64.445 61618.31064874087 18465
1390 0.5 602722.2728 1765.348846812375 627766.345 64.445 61793.92585896812 18471
1400 0.2 602387.5335 1369.4575000000186 627766.345 64.445 61940.31261663781 18476
1410 0.5 602133.2266 1579.7512381215538 627766.345 64.445 61998.808906375154 18478
1420 0.7 602524.0605714286 1416.458073196354 627766.345 64.445 62144.925450684415 18483
1430 0.7 602465.0665714286 1323.1182411003524 627766.345 64.445 62349.50381444024 18490
1440 0.4 602848.3605 1123.5600302838034 627766.345 64.445 62553.9050113532 18497
1450 0.8 602073.3843749999 767.7664919280819 627766.345 64.445 62670.71911988541 18501
1460 1 603714.6546999998 1232.656005235648 627766.345 64.445 62903.860906153765 18509
1470 1.2 602913.9834999999 1332.102838297087 627766.345 64.445 63195.891142016306 18519
1480 1.1 602257.037 1258.002632838842 627766.345 64.445 63545.39290167827 18531
1490 1.3 602671.5265384616 1149.0582639155107 627766.345 64.445 63864.98237881567 18542
1500 0.8 609447.17325 9680.678623059233 632952.126 64.445 64242.480900727576 18555
1510 0 0 0 632952.126 64.445 64477.44494419006 18563
1520 0 0 0 632952.126 64.445 64477.44494419006 18563
1527 0.1 634689.083 0.0 634689.083 64.445 64477.44494419006 18563
