0 67.27734375 67.27734375
10 123.6953125 190.97265625
20 121.9609375 312.93359375
30 140.23515625 453.16875
40 131.76640625 584.93515625
50 75.89453125 660.8296875
60 8.871875 669.7015625
70 2.36875 672.0703125
80 0.86328125 672.93359375
90 0.23359375 673.1671875
100 0.6296875 673.796875
110 0 673.796875
120 0 673.796875
130 0 673.796875
140 0 673.796875
150 0 673.796875
160 2.42109375 676.21796875
170 1.9078125 678.12578125
180 7.85546875 685.98125
190 3.39453125 689.37578125
200 0.4546875 689.83046875
210 4.71875 694.54921875
220 4.31640625 698.865625
230 4.64140625 703.50703125
240 5.04453125 708.5515625
250 10.35859375 718.91015625
260 8.8625 727.77265625
270 5.06875 732.84140625
280 8.696875 741.53828125
290 11.6796875 753.21796875
300 7.17265625 760.390625
310 33.9609375 794.3515625
320 3.796875 798.1484375
330 0.6296875 798.778125
340 0 798.778125
350 0 798.778125
360 0 798.778125
370 0 798.778125
380 0 798.778125
390 0 798.778125
400 0 798.778125
410 0 798.778125
420 0 798.778125
430 0 798.778125
440 0 798.778125
450 3.459375 802.2375
460 9.8734375 812.1109375
470 9.8734375 821.984375
480 11.6703125 833.6546875
490 4.4265625 838.08125
500 3.48671875 841.56796875
510 11.925 853.49296875
520 2.94609375 856.4390625
530 2.175 858.6140625
540 4.11015625 862.72421875
550 6.6203125 869.34453125
560 1.95390625 871.2984375
570 3.03203125 874.33046875
580 8.47890625 882.809375
590 7.5109375 890.3203125
600 3.58828125 893.90859375
610 1.5390625 895.44765625
620 60.8921875 956.33984375
630 115.35 1071.68984375
640 145.1390625 1216.82890625
650 110.1109375 1326.93984375
660 31.76875 1358.70859375
670 4.48515625 1363.19375
680 1.440625 1364.634375
690 0 1364.634375
700 0.22734375 1364.86171875
710 0.4671875 1365.32890625
720 0.85703125 1366.1859375
730 0 1366.1859375
740 0 1366.1859375
750 0 1366.1859375
760 1.259375 1367.4453125
770 1.5390625 1368.984375
780 4.46640625 1373.45078125
790 3.38828125 1376.8390625
800 1.94140625 1378.78046875
810 3.621875 1382.40234375
820 3.55703125 1385.959375
830 4.82265625 1390.78203125
840 2.13515625 1392.9171875
850 7.996875 1400.9140625
860 7.6921875 1408.60625
870 7.78984375 1416.39609375
880 7.50859375 1423.9046875
890 9.75625 1433.6609375
900 3.90703125 1437.56796875
910 0 1437.56796875
920 0 1437.56796875
930 0.40234375 1437.9703125
940 0 1437.9703125
950 0 1437.9703125
960 0 1437.9703125
970 0 1437.9703125
980 0 1437.9703125
990 0 1437.9703125
1000 0 1437.9703125
1010 0 1437.9703125
1020 0 1437.9703125
1030 0 1437.9703125
1040 0 1437.9703125
1050 0 1437.9703125
1060 0 1437.9703125
1070 0 1437.9703125
1080 0 1437.9703125
1090 0 1437.9703125
1100 0 1437.9703125
1110 0 1437.9703125
1120 0 1437.9703125
1130 0 1437.9703125
1140 0 1437.9703125
1150 0 1437.9703125
1160 0 1437.9703125
1170 0 1437.9703125
1180 0 1437.9703125
1190 0 1437.9703125
1200 0 1437.9703125
1210 0 1437.9703125
1220 0 1437.9703125
1230 0 1437.9703125
1240 0 1437.9703125
1250 0 1437.9703125
1260 0 1437.9703125
1270 0 1437.9703125
1280 0 1437.9703125
1290 0 1437.9703125
1300 0 1437.9703125
1310 0 1437.9703125
1320 0 1437.9703125
1330 0 1437.9703125
1340 0 1437.9703125
1350 0 1437.9703125
1360 0 1437.9703125
1370 0 1437.9703125
1380 0 1437.9703125
1390 0 1437.9703125
1400 0 1437.9703125
1410 0 1437.9703125
1420 0 1437.9703125
1430 0 1437.9703125
1440 0 1437.9703125
1450 0 1437.9703125
1460 0 1437.9703125
1470 0 1437.9703125
1480 0 1437.9703125
1490 0 1437.9703125
1500 0 1437.9703125
1510 0 1437.9703125
1520 0 1437.9703125
1527 0 1437.9703125
