0 149.7296875 149.7296875
10 201.96015625 351.68984375
20 188.26328125 539.953125
30 214.8765625 754.8296875
40 190.15625 944.9859375
50 110.290625 1055.2765625
60 13.3109375 1068.5875
70 4.75390625 1073.34140625
80 1.9015625 1075.24296875
90 0.95078125 1076.19375
100 0.95078125 1077.14453125
110 0 1077.14453125
120 0 1077.14453125
130 0 1077.14453125
140 0 1077.14453125
150 0 1077.14453125
160 7.05 1084.19453125
170 4.2515625 1088.44609375
180 23.159375 1111.60546875
190 5.7046875 1117.31015625
200 1.9015625 1119.21171875
210 11.3015625 1130.51328125
220 11.07734375 1141.590625
230 8.9515625 1150.5421875
240 15.83125 1166.3734375
250 18.6296875 1185.003125
260 24.5046875 1209.5078125
270 9.00546875 1218.51328125
280 16.95234375 1235.465625
290 33.9046875 1269.3703125
300 12.08203125 1281.45234375
310 75.91796875 1357.3703125
320 5.7046875 1363.075
330 0.95078125 1364.02578125
340 0 1364.02578125
350 0 1364.02578125
360 0 1364.02578125
370 0 1364.02578125
380 0 1364.02578125
390 0 1364.02578125
400 0 1364.02578125
410 0 1364.02578125
420 0 1364.02578125
430 0 1364.02578125
440 0 1364.02578125
450 9.17578125 1373.2015625
460 24.28046875 1397.48203125
470 24.89921875 1422.38125
480 22.93515625 1445.31640625
490 7.328125 1452.64453125
500 10.62890625 1463.2734375
510 25.9578125 1489.23125
520 4.02734375 1493.25859375
530 7.05 1500.30859375
540 11.13125 1511.43984375
550 13.9296875 1525.36953125
560 5.20234375 1530.571875
570 8.9515625 1539.5234375
580 25.45546875 1564.97890625
590 16.8359375 1581.81484375
600 4.978125 1586.79296875
610 5.4265625 1592.21953125
620 129.97890625 1722.1984375
630 199.6640625 1921.8625
640 207.2703125 2129.1328125
650 173.0421875 2302.175
660 40.88359375 2343.05859375
670 8.55703125 2351.615625
680 0.95078125 2352.56640625
690 0 2352.56640625
700 0.95078125 2353.5171875
710 1.9015625 2355.41875
720 1.9015625 2357.3203125
730 0 2357.3203125
740 0 2357.3203125
750 0 2357.3203125
760 1.9015625 2359.221875
770 4.75390625 2363.97578125
780 8.55703125 2372.5328125
790 5.7046875 2378.2375
800 4.75390625 2382.99140625
810 6.65546875 2389.646875
820 4.75390625 2394.40078125
830 6.65546875 2401.05625
840 3.803125 2404.859375
850 18.06484375 2422.92421875
860 13.3109375 2436.23515625
870 14.26171875 2450.496875
880 14.26171875 2464.75859375
890 16.16328125 2480.921875
900 3.803125 2484.725
910 0 2484.725
920 0 2484.725
930 0 2484.725
940 0 2484.725
950 0 2484.725
960 0 2484.725
970 0 2484.725
980 0 2484.725
990 0 2484.725
1000 0 2484.725
1010 0 2484.725
1020 0 2484.725
1030 0 2484.725
1040 0 2484.725
1050 0 2484.725
1060 0 2484.725
1070 0 2484.725
1080 0 2484.725
1090 0 2484.725
1100 0 2484.725
1110 0 2484.725
1120 0 2484.725
1130 0 2484.725
1140 0 2484.725
1150 0 2484.725
1160 0 2484.725
1170 0 2484.725
1180 0 2484.725
1190 0 2484.725
1200 0 2484.725
1210 0 2484.725
1220 0 2484.725
1230 0 2484.725
1240 0 2484.725
1250 0 2484.725
1260 0 2484.725
1270 0 2484.725
1280 0 2484.725
1290 0 2484.725
1300 0 2484.725
1310 0 2484.725
1320 0 2484.725
1330 0 2484.725
1340 0 2484.725
1350 0 2484.725
1360 0 2484.725
1370 0 2484.725
1380 0 2484.725
1390 0 2484.725
1400 0 2484.725
1410 0 2484.725
1420 0 2484.725
1430 0 2484.725
1440 0 2484.725
1450 0 2484.725
1460 0 2484.725
1470 0 2484.725
1480 0 2484.725
1490 0 2484.725
1500 0 2484.725
1510 0 2484.725
1520 0 2484.725
1527 0 2484.725
