0 1.9 1889.5747894736844 1391.9348607418676 4692.388 267.278 0 0
10 0.6 7745.575666666667 848.8576128102341 8250.223 267.278 1889.5747894736844 19
20 1.7 17475.599764705883 626.62063611562 18530.401 267.278 3295.015 25
30 0 0 0 18530.401 267.278 9034.7755 42
40 0 0 0 18530.401 267.278 9034.7755 42
50 3.7 62.87627027027026 5.591534966206087 18530.401 31.341 9034.7755 42
60 3.5 61.83388571428574 11.783636576132489 18530.401 0.884 4832.746746835443 79
70 0.9 42.19122222222223 29.439203037891033 18530.401 0.436 3367.9927982456143 114
80 0.6 59.47516666666667 11.985461295762553 18530.401 0.436 3124.6414634146345 123
90 0.2 60.12 5.0489999999999995 18530.401 0.436 2982.0755891472872 129
100 0.1 32.862 0.0 18530.401 0.436 2937.465580152672 131
110 0 0 0 18530.401 0.436 2915.4610075757582 132
120 0 0 0 18530.401 0.436 2915.4610075757582 132
130 0 0 0 18530.401 0.436 2915.4610075757582 132
140 0 0 0 18530.401 0.436 2915.4610075757582 132
150 0 0 0 18530.401 0.436 2915.4610075757582 132
160 0.7 135430.98657142857 55387.93636700602 161624.37 0.436 2915.4610075757582 132
170 0.3 111635.88133333334 78892.75449105832 167434.681 0.436 9588.904741007194 139
180 1.8 97184.16561111111 86889.56292269417 176168.25 0.336 11744.826781690143 142
190 0.5 45.8272 26.175836471066216 176168.25 0.336 21356.7524 160
200 0.4 41.000249999999994 26.6102781024081 176168.25 0.336 20710.966787878788 165
210 1 157439.21550000002 78722.23775082247 200388.174 0.336 20221.736810650887 169
220 1.3 113586.50992307694 105165.85799083827 212458.962 0.24 27887.517743016764 179
230 0.8 165102.61549999999 95298.42284640706 221321.976 0.24 33690.05367187501 192
240 1.1 144983.91672727276 109588.18623962425 230626.138 0.24 38946.55614500001 200
250 1.7 153265.2427647059 113186.87815399577 242056.335 0.24 44474.57020379148 211
260 2.2 181632.42749999996 111243.0990735472 255287.893 0.24 52586.15543859651 228
270 1 52464.171200000004 104826.15863109897 263503.165 0.24 63942.22738000001 250
280 1.7 190271.45405882355 122783.82949419941 271530.197 0.24 63500.76368076924 260
290 2.7 250181.99207407405 88477.90028136087 286374.02 0.24 71280.91435379062 277
300 1.6 55950.688812500004 116354.42574583965 298202.607 0.24 87170.15480921052 304
310 5.6 247381.4310357145 115333.87007163189 304584.153 0.24 85609.181509375 320
320 1.8 51.55644444444445 24.083284535641962 304584.153 0.24 109702.92080053195 376
330 0.2 33.3305 32.850500000000004 304584.153 0.24 104693.46760659904 394
340 0 0 0 304584.153 0.24 104164.8810555556 396
350 0 0 0 304584.153 0.24 104164.8810555556 396
360 0 0 0 304584.153 0.24 104164.8810555556 396
370 0 0 0 304584.153 0.24 104164.8810555556 396
380 0 0 0 304584.153 0.24 104164.8810555556 396
390 0 0 0 304584.153 0.24 104164.8810555556 396
400 0 0 0 304584.153 0.24 104164.8810555556 396
410 0 0 0 304584.153 0.24 104164.8810555556 396
420 0 0 0 304584.153 0.24 104164.8810555556 396
430 0 0 0 304584.153 0.24 104164.8810555556 396
440 0 0 0 304584.153 0.24 104164.8810555556 396
450 0.7 434857.19928571425 2146.192228312855 437334.349 0.24 104164.8810555556 396
460 2 333484.3790500001 192541.6435827614 448953.172 0.24 109908.91635980151 403
470 2.6 388531.5872307692 165664.80395238934 462361.342 0.24 120479.86022222225 423
480 1.4 301399.6589285713 224633.67594844938 471219.852 0.24 136001.78650779513 449
490 1.2 119434.32525000001 206803.49222848468 478332.84 0.24 141003.01807127433 463
500 1.2 204861.22416666665 242351.8911895255 492770.597 0.24 140458.1247789474 475
510 1.7 406965.44358823524 188370.36340683795 499272.752 0.24 142045.05946611913 487
520 0.8 63123.06274999999 166922.97201031714 504759.729 0.24 150980.8660734127 504
530 0.7 435525.4842857143 177790.82970735422 509341.446 0.24 149608.0878964844 512
540 0.9 172421.321 243783.50595363617 517467.172 0.236 153464.39189402698 519
550 1.1 334028.9276363636 252479.31952145154 525811.583 0.236 153787.52136742426 528
560 1 106911.49139999997 213723.94495788674 534620.054 0.236 157465.91741372913 539
570 0.8 412394.021375 238076.56215088812 550429.069 0.236 156545.07176684882 549
580 1.9 471970.92773684213 204348.3065891825 562783.601 0.236 160219.74249730702 557
590 2 86151.1947 205002.0483608391 574503.863 0.236 170503.2017326389 576
600 0.5 116804.75200000001 233500.24485853378 583805.241 0.236 167672.59746979867 596
610 0.6 396441.2504999999 280291.36423560814 600027.249 0.236 167249.40407986692 601
620 13.9 582765.6277913668 100306.39399249366 600110.375 0.236 169514.8918533773 607
630 21.8 600098.0581926606 73.96033276444004 600251.021 0.236 246514.6938579089 746
640 21.3 600130.591976526 71.48563930981979 600255.032 0.236 326474.4173278008 964
650 14.1 519266.0291631205 204896.1527118018 600288.298 0.236 375997.5823237044 1177
660 5.9 142442.38920338976 255278.51706944095 600288.298 0.197 391324.47989908955 1318
670 2.3 104405.7915652174 227433.46217112412 600288.298 0.197 380660.6866158315 1377
680 0.6 62.958499999999994 4.30319934273714 600288.298 0.197 376122.21334 1400
690 0 0 0 600288.298 0.197 374517.40855405404 1406
700 0.1 600214.895 0.0 600288.298 0.197 374517.40855405404 1406
710 0.1 65.811 0.0 600288.298 0.197 374677.8189921819 1407
720 0.2 32.772999999999996 0.19600000000000328 600288.298 0.197 374411.75932741474 1408
730 0.1 54.132 0.0 600288.298 0.197 373880.72530425526 1410
740 0 0 0 600288.298 0.197 373615.78795960307 1411
750 0 0 0 600288.298 0.197 373615.78795960307 1411
760 0.2 600133.7779999999 107.19700000001467 600288.298 0.197 373615.78795960307 1411
770 0.5 360129.82899999997 294009.49230827746 600288.298 0.197 373936.40790304315 1413
780 0.7 514371.8602857144 209978.0147773242 600288.298 0.197 373887.7246205924 1418
790 0.8 450146.62962499994 259864.84632010225 600288.298 0.197 374577.8221291228 1425
800 0.2 32.13 31.732 600288.298 0.197 374999.69963084435 1433
810 0.9 400102.33955555555 282871.06162923045 600288.298 0.197 374477.09674634144 1435
820 0.6 500103.73850000004 223628.7188807249 600288.298 0.197 374636.8108635734 1444
830 0.7 600129.0315714285 71.24897907809412 600288.298 0.197 375155.98435724137 1450
840 0.5 600133.1860000001 59.88340292271437 600288.298 0.197 376236.8431976664 1457
850 1.6 562622.9341250003 145251.66610126226 600288.298 0.197 377002.56256429537 1462
860 1.6 375087.59175 290499.98593840125 600288.298 0.197 379011.9847192151 1478
870 1.2 350116.04975 295856.4504101993 600288.298 0.197 378969.9564143239 1494
880 1.6 487615.2655000001 234225.9054296456 600288.298 0.197 378740.0448074369 1506
890 1.7 423618.9970588236 273412.8488440148 600288.298 0.197 379884.5937766097 1522
900 1.2 550109.9076666667 165844.5687753633 600288.298 0.197 380367.68984925275 1539
910 4.5 600117.6964000002 68.74559248886177 600302.452 0.197 381680.9758671824 1551
920 0.6 600131.1708333333 72.98019465903852 600302.452 0.197 387839.90595739346 1596
930 0.1 600140.974 0.0 600302.452 0.197 388635.0043277153 1602
940 0 0 0 600302.452 0.197 388766.94816406735 1603
950 0 0 0 600302.452 0.197 388766.94816406735 1603
960 0 0 0 600302.452 0.197 388766.94816406735 1603
970 0 0 0 600302.452 0.197 388766.94816406735 1603
980 0 0 0 600302.452 0.197 388766.94816406735 1603
990 0 0 0 600302.452 0.197 388766.94816406735 1603
1000 0 0 0 600302.452 0.197 388766.94816406735 1603
1010 0 0 0 600302.452 0.197 388766.94816406735 1603
1020 0 0 0 600302.452 0.197 388766.94816406735 1603
1030 0 0 0 600302.452 0.197 388766.94816406735 1603
1040 0 0 0 600302.452 0.197 388766.94816406735 1603
1050 0.4 600112.61325 50.720510483302405 600302.452 0.197 388766.94816406735 1603
1060 1.2 600104.5418333331 61.80901843162908 600302.452 0.197 389293.01080273796 1607
1070 1.1 600131.0229999999 71.4446364524186 600302.452 0.197 390855.5422248301 1619
1080 1.7 600137.9004117646 67.37939543062664 600302.452 0.197 392267.8307453987 1630
1090 0.8 600130.7941249999 90.80903356551998 600302.452 0.197 394413.4234499089 1647
1100 0.3 600197.9623333333 63.00344168553826 600302.452 0.197 395407.82765861024 1655
1110 1.6 600132.1347500002 72.99760786019192 600302.452 0.197 395778.3767563329 1658
1120 0.5 600167.2852 57.51099557267937 600302.452 0.197 397731.578744325 1674
1130 0.2 600080.9805000001 53.91949999998906 600302.452 0.197 398334.42480285885 1679
1140 0.4 600128.82925 80.12262142292748 600302.452 0.197 398574.45639797737 1681
1150 0.9 600118.6945555555 53.288002665026355 600302.452 0.197 399052.9237519288 1685
1160 0.2 600093.111 63.84299999999348 600302.452 0.197 400121.15984238486 1694
1170 0.3 600084.7683333333 80.17085479288009 600302.452 0.197 400356.9758225236 1696
1180 0.8 600152.38875 90.15184420849178 600302.452 0.197 400709.64408475574 1699
1190 0.9 600138.9555555555 58.3427890376598 600302.452 0.197 401644.349390744 1707
1200 0.6 600164.9923333334 54.93982630015505 600302.452 0.197 402685.4050174825 1716
1210 0.1 600185.084 0.0 600302.452 0.197 403373.48720325204 1722
1220 7.6 600110.5089605262 62.233264072071606 600302.452 0.197 403487.7133186303 1723
1230 15.3 600138.6760653597 68.05034027323583 600302.452 0.197 411794.17939355195 1799
1240 23.1 600135.4040216447 71.61475820636966 600302.452 0.197 426556.8371757172 1952
1250 17.7 600128.6652994351 75.25999151058532 600302.452 0.197 444924.51877966104 2183
1260 6.4 600146.9149843749 74.43058051239879 600302.452 0.197 456564.8297686441 2360
1270 0.6 600104.2851666668 31.358590101327895 600302.452 0.197 460355.7759129539 2424
1280 0.3 600099.8706666665 95.58008550018626 600302.452 0.197 460700.8339604939 2430
1290 0 0 0 600302.452 0.197 460872.71933251136 2433
1300 0 0 0 600302.452 0.197 460872.71933251136 2433
1310 0 0 0 600302.452 0.197 460872.71933251136 2433
1320 0.1 600186.037 0.0 600302.452 0.197 460872.71933251136 2433
1330 0 0 0 600302.452 0.197 460929.95569967135 2434
1340 0 0 0 600302.452 0.197 460929.95569967135 2434
1350 0 0 0 600302.452 0.197 460929.95569967135 2434
1360 0.2 600209.5279999999 11.544999999954598 600302.452 0.197 460929.95569967135 2434
1370 0.1 600057.611 0.0 600302.452 0.197 461044.3067442529 2436
1380 0.6 600133.9204999999 77.16620164453435 600302.452 0.197 461101.349544522 2437
1390 0.5 600085.316 47.028706407885224 600302.452 0.197 461442.813083504 2443
1400 0.2 600117.9945 8.03249999997206 600302.452 0.197 461725.9881303105 2448
1410 0.5 600123.6284 49.03576518665333 600302.452 0.197 461838.96119673474 2450
1420 0.7 600120.154 37.964568978386524 600302.452 0.197 462120.60003014264 2455
1430 0.7 600092.8291428572 46.19576160650949 600302.452 0.197 462512.962693745 2462
1440 0.4 600161.09875 50.979461944915194 600302.452 0.197 462903.0230684488 2469
1450 0.8 600105.0008749999 69.29426391745571 600302.452 0.197 463125.03370440763 2473
1460 1 600122.1185 70.55767748056039 600302.452 0.197 463566.72646432894 2481
1470 1.2 600135.3724166666 78.7267621867436 600302.452 0.197 464114.921534725 2491
1480 1 600101.0812 62.106174594472826 600302.452 0.197 464767.0371602078 2503
1490 1.2 600158.8594999999 83.75403367946134 600302.452 0.197 465305.5729502587 2513
1500 0.9 600110.7957777777 61.87996074976671 600302.452 0.197 465946.4598566337 2525
1510 0.1 600065.07 0.0 600302.452 0.197 466422.9709155485 2534
1520 0 0 0 600302.452 0.197 466475.6896923077 2535
1527 0.1 600095.052 0.0 600302.452 0.197 466475.6896923077 2535
