0 8 2213.0343625000005 1696.1754598541777 7079.038 66.063 0 0
10 18.7 3910.420828877005 3445.9607658413197 17043.682 61.03 2213.0343625000005 80
20 19.2 4832.40091145833 4406.836015532789 22166.999 61.03 3401.8406142322096 267
30 22 4773.117822727275 4548.703816528081 24668.996 58.056 4000.244921568626 459
40 20.8 5122.574153846155 4350.401040829866 26829.074 58.056 4250.66029455081 679
50 25.5 3760.5884117647047 4682.599811164983 26829.074 58.056 4455.122620067645 887
60 22 2413.438213636362 5522.454380106135 32675.956 58.056 4300.038361646235 1142
70 18.8 775.6085265957444 3235.4151650381677 32675.956 58.056 3995.301186490455 1362
80 21.2 554.3590424528303 3200.2113217099245 33188.041 58.056 3604.7836251612903 1550
90 21.8 127.7104954128442 646.577239430277 33188.041 58.056 3237.7631872871734 1762
100 22.3 119.8247399103139 597.983009365489 33188.041 58.056 2895.3432444444443 1980
110 18.4 64.95684782608693 1.2877554025680054 33188.041 58.056 2614.3897144802545 2203
120 19.9 64.85918090452262 1.2692373238913917 33188.041 58.056 2417.868705906996 2387
130 20.2 65.16568811881186 1.4431921599880295 33188.041 58.056 2236.7979806651197 2586
140 19.2 65.06483333333338 1.1528137061000872 33188.041 58.056 2079.4558992109037 2788
150 19.8 65.39387878787878 1.091837911831084 33188.041 58.056 1949.6696291946305 2980
160 20.9 98.9804354066986 338.168183817516 33188.041 58.056 1832.2729650723722 3178
170 20 143.9198300000001 667.3479278202572 33188.041 58.056 1725.3175063478002 3387
180 18.4 385.67223369565244 1451.7485658329797 33188.041 58.056 1637.1436743797044 3587
190 19.6 346.62754081632636 1414.7132891876204 33188.041 58.056 1576.0800983823917 3771
200 22.2 418.45287837837844 2707.9325836318044 33188.041 58.056 1515.3357824552556 3967
210 21.7 276.47556682027664 1729.9450613360384 33188.041 58.056 1457.2054399618044 4189
220 21.5 428.6336279069763 2030.3615051697773 33188.041 58.056 1399.0532877893777 4406
230 22.5 203.69425333333342 865.4482690254406 33188.041 58.056 1353.9028383466778 4621
240 19.1 269.0687277486911 1083.8918183409542 33188.041 58.056 1300.4986015270322 4846
250 20.5 529.5141951219512 1728.4371358255923 33188.041 58.056 1261.3874032161998 5037
260 21.8 566.3835137614678 2585.632729938631 33188.041 58.056 1232.7658832506675 5242
270 20.9 611.4376794258376 2675.3155956271676 33188.041 58.056 1206.1594076923075 5460
280 21.9 484.5110045662098 2000.890824373802 33188.041 58.056 1184.2336992414885 5669
290 18.3 333.11565027322354 1157.6900953789875 33188.041 58.056 1158.2080079823368 5888
300 22.2 729.6490945945944 2188.052165812908 33188.041 58.056 1133.3369980233897 6071
310 20.4 1086.4864803921569 2398.1039671203494 33188.041 58.056 1119.0959818846336 6293
320 22.4 968.0253080357148 3020.5296388179972 33188.041 58.056 1118.0720726489149 6497
330 18.8 203.51087765957445 1212.4069744825745 33188.041 58.056 1113.0712579973217 6721
340 19.6 65.77585714285713 1.162362469371788 33188.041 58.056 1088.321315675206 6909
350 20.9 65.80306220095699 1.08287884116728 33188.041 58.056 1060.1131650950033 7105
360 18.4 65.27373369565221 1.285380978777774 33188.041 58.056 1031.7004208367512 7314
370 19.9 65.0706381909547 1.7388375368754156 33188.041 58.056 1007.9844285142701 7498
380 20.4 65.56663725490198 1.1926646044098292 33188.041 58.056 983.6061195270881 7697
390 19.1 65.73952356020945 0.993366700306276 33188.041 58.056 959.9027839513982 7901
400 17.5 65.75281142857152 1.1672150610433891 33188.041 58.056 938.7973486159166 8092
410 22.8 66.00946929824553 1.0223962452937398 33188.041 58.056 920.3163042216036 8267
420 20.5 65.55783414634152 1.1270247305291334 33188.041 58.056 897.387292054149 8495
430 22 65.68374999999992 1.0917072519057678 33188.041 58.056 877.7867128735628 8700
440 21.2 65.38191981132074 1.156188418322944 33188.041 58.056 857.7572676008964 8920
450 20.8 100.2579567307693 276.83274994219994 33188.041 58.056 839.3622201051244 9132
460 21.6 372.6358472222219 1284.2360523284592 33188.041 58.056 822.9025105995713 9340
470 20.9 440.58947368421065 1742.3389938984308 33188.041 58.056 812.7248631226452 9556
480 21.2 625.1169622641509 1965.1880992998397 33188.041 58.056 804.7600606246798 9765
490 21 570.3123190476196 2172.385384712238 33188.041 58.056 800.9428473489022 9977
500 20.2 345.00450495049523 1696.7159784356493 33188.041 58.056 796.1885123196228 10187
510 19.5 399.143953846154 1287.3523357439435 33188.041 58.056 787.4158518625467 10389
520 23.6 480.402775423729 2081.6529096281242 33188.041 58.056 780.2623163265304 10584
530 20.1 167.06248258706455 1167.626282698633 33188.041 58.056 773.7219418669129 10820
540 19.4 447.07260309278354 2536.0717373043435 33188.041 58.056 762.657741584248 11021
550 20.8 358.91000480769225 1649.979415766598 33188.041 58.056 757.198667409719 11215
560 18.7 580.0200962566843 2506.273545333969 33188.041 58.056 749.9462782106275 11423
570 21.5 166.05058604651188 873.8774203621632 33188.041 58.056 747.2093104220497 11610
580 20.6 298.9595679611648 1165.7332264222666 33188.041 58.056 736.6427881606762 11825
590 20.1 989.2365970149257 2891.2532722758756 33188.041 58.056 729.1485862355579 12031
600 21 312.06210952380974 1386.0527581256206 33188.041 58.056 733.4224327174621 12232
610 21.4 150.58658411214938 940.0685560151161 33188.041 58.056 726.3105802925572 12442
620 14 1807.2219285714275 2369.3817046134654 33188.041 58.056 716.575677070164 12656
630 16.4 3840.337743902441 2888.8055203721597 33188.041 58.056 728.5083494060641 12796
640 23 4785.49319130435 3868.3770096709086 33188.041 58.056 767.8864374228392 12960
650 24.6 4555.099373983734 5020.151149875934 33188.041 58.056 837.9432648218345 13190
660 27.3 2718.2536080586096 4688.608737912505 33188.041 58.056 906.0007523816608 13436
670 21.2 1505.9878113207549 4729.556748970416 33619.047 58.056 942.0898201181703 13709
680 20.5 771.3492195121955 4187.861559173698 39267.107 58.056 950.6773047913222 13921
690 22.5 64.89082222222225 1.097608003066244 39267.107 58.056 948.0748513379581 14126
700 18.6 65.10789247311823 1.0441115579416012 39267.107 58.056 934.2279830673818 14351
710 20.8 132.4921057692308 964.9003214231252 39267.107 58.056 923.1076462131111 14537
720 21.7 169.82716129032283 1030.7515600421136 39267.107 58.056 911.9548464564256 14745
730 19.2 149.77621874999997 1161.1352483134788 39267.107 58.056 901.1914653789598 14962
740 22.3 65.40765470852017 0.9822017830655779 39267.107 58.056 891.6710927147946 15154
750 21.4 65.4521962616822 1.032447002004773 39267.107 58.056 879.6884727840278 15377
760 18.2 99.00237912087918 365.0480285200842 39267.107 58.056 868.512373548842 15591
770 18.6 155.27552150537633 738.0485618517328 39267.107 58.056 859.6332244341594 15773
780 23.6 159.7273008474575 763.8109746341421 39267.107 58.056 851.4240300770722 15959
790 19.4 223.55142783505124 1040.284052435723 39267.107 58.056 841.3443494288357 16195
800 21.4 162.07402336448604 840.5901004468066 39267.107 58.056 834.0314061870764 16389
810 21.5 253.779409302326 1302.9056271212123 39267.107 58.056 825.3703883033184 16603
820 22.1 200.3455475113122 1060.728171937588 39267.107 58.056 818.0632138185275 16818
830 22.7 138.60033039647567 465.4536333524494 39267.107 58.056 810.0512645108279 17039
840 22 112.83462272727273 382.1078315737926 39267.107 58.056 801.223547492181 17266
850 20.5 174.54962439024385 640.4493568930964 39267.107 58.056 792.5625865263637 17486
860 20.4 485.4401372549017 1681.0274245673186 39267.107 58.056 785.4011678819737 17691
870 22.7 376.508026431718 1311.186827662657 39267.107 58.056 781.9816624196702 17895
880 20.8 430.9391923076918 2255.865685169874 39267.107 58.056 776.9026140050767 18122
890 20.6 433.8315000000002 1516.0348284549068 39267.107 58.056 772.9767879432624 18330
900 2.7 3132.9489999999996 6831.677197722635 39267.107 58.056 769.2076937850669 18536
910 0 0 0 39267.107 58.056 772.6457703496202 18563
920 0 0 0 39267.107 58.056 772.6457703496202 18563
930 0.1 34592.016 0.0 39267.107 58.056 772.6457703496202 18563
940 0 0 0 39267.107 58.056 774.4675420706745 18564
950 0 0 0 39267.107 58.056 774.4675420706745 18564
960 0 0 0 39267.107 58.056 774.4675420706745 18564
970 0 0 0 39267.107 58.056 774.4675420706745 18564
980 0 0 0 39267.107 58.056 774.4675420706745 18564
990 0 0 0 39267.107 58.056 774.4675420706745 18564
1000 0 0 0 39267.107 58.056 774.4675420706745 18564
1010 0 0 0 39267.107 58.056 774.4675420706745 18564
1020 0 0 0 39267.107 58.056 774.4675420706745 18564
1030 0 0 0 39267.107 58.056 774.4675420706745 18564
1040 0 0 0 39267.107 58.056 774.4675420706745 18564
1050 0 0 0 39267.107 58.056 774.4675420706745 18564
1060 0 0 0 39267.107 58.056 774.4675420706745 18564
1070 0 0 0 39267.107 58.056 774.4675420706745 18564
1080 0 0 0 39267.107 58.056 774.4675420706745 18564
1090 0 0 0 39267.107 58.056 774.4675420706745 18564
1100 0 0 0 39267.107 58.056 774.4675420706745 18564
1110 0 0 0 39267.107 58.056 774.4675420706745 18564
1120 0 0 0 39267.107 58.056 774.4675420706745 18564
1130 0 0 0 39267.107 58.056 774.4675420706745 18564
1140 0 0 0 39267.107 58.056 774.4675420706745 18564
1150 0 0 0 39267.107 58.056 774.4675420706745 18564
1160 0 0 0 39267.107 58.056 774.4675420706745 18564
1170 0 0 0 39267.107 58.056 774.4675420706745 18564
1180 0 0 0 39267.107 58.056 774.4675420706745 18564
1190 0 0 0 39267.107 58.056 774.4675420706745 18564
1200 0 0 0 39267.107 58.056 774.4675420706745 18564
1210 0 0 0 39267.107 58.056 774.4675420706745 18564
1220 0 0 0 39267.107 58.056 774.4675420706745 18564
1230 0 0 0 39267.107 58.056 774.4675420706745 18564
1240 0 0 0 39267.107 58.056 774.4675420706745 18564
1250 0 0 0 39267.107 58.056 774.4675420706745 18564
1260 0 0 0 39267.107 58.056 774.4675420706745 18564
1270 0 0 0 39267.107 58.056 774.4675420706745 18564
1280 0 0 0 39267.107 58.056 774.4675420706745 18564
1290 0 0 0 39267.107 58.056 774.4675420706745 18564
1300 0 0 0 39267.107 58.056 774.4675420706745 18564
1310 0 0 0 39267.107 58.056 774.4675420706745 18564
1320 0 0 0 39267.107 58.056 774.4675420706745 18564
1330 0 0 0 39267.107 58.056 774.4675420706745 18564
1340 0 0 0 39267.107 58.056 774.4675420706745 18564
1350 0 0 0 39267.107 58.056 774.4675420706745 18564
1360 0 0 0 39267.107 58.056 774.4675420706745 18564
1370 0 0 0 39267.107 58.056 774.4675420706745 18564
1380 0 0 0 39267.107 58.056 774.4675420706745 18564
1390 0 0 0 39267.107 58.056 774.4675420706745 18564
1400 0 0 0 39267.107 58.056 774.4675420706745 18564
1410 0 0 0 39267.107 58.056 774.4675420706745 18564
1420 0 0 0 39267.107 58.056 774.4675420706745 18564
1430 0 0 0 39267.107 58.056 774.4675420706745 18564
1440 0 0 0 39267.107 58.056 774.4675420706745 18564
1450 0 0 0 39267.107 58.056 774.4675420706745 18564
1460 0 0 0 39267.107 58.056 774.4675420706745 18564
1470 0 0 0 39267.107 58.056 774.4675420706745 18564
1480 0 0 0 39267.107 58.056 774.4675420706745 18564
1490 0 0 0 39267.107 58.056 774.4675420706745 18564
1500 0 0 0 39267.107 58.056 774.4675420706745 18564
1510 0 0 0 39267.107 58.056 774.4675420706745 18564
1520 0 0 0 39267.107 58.056 774.4675420706745 18564
1527 0 0 0 39267.107 58.056 774.4675420706745 18564
