0 145 145
10 353 353
20 525 525
30 753 753
40 960 960
50 1022 1035
60 1001 1035
70 995 1035
80 993 1035
90 993 1035
100 991 1035
110 991 1035
120 992 1035
130 992 1035
140 992 1035
150 992 1035
160 993 1035
170 991 1035
180 995 1035
190 997 1035
200 998 1035
210 996 1035
220 992 1035
230 991 1035
240 995 1035
250 996 1035
260 996 1035
270 997 1035
280 992 1035
290 996 1035
300 992 1035
310 1003 1035
320 993 1035
330 994 1035
340 994 1035
350 992 1035
360 991 1035
370 992 1035
380 992 1035
390 992 1035
400 992 1035
410 991 1035
420 991 1035
430 991 1035
440 992 1035
450 994 1035
460 995 1035
470 991 1035
480 997 1035
490 993 1035
500 991 1035
510 1001 1035
520 994 1035
530 994 1035
540 995 1035
550 996 1035
560 993 1035
570 991 1035
580 997 1035
590 993 1035
600 994 1035
610 994 1035
620 992 1035
630 996 1035
640 1004 1035
650 1033 1035
660 1010 1040
670 998 1040
680 992 1040
690 994 1040
700 991 1040
710 995 1040
720 993 1040
730 995 1040
740 991 1040
750 992 1040
760 992 1040
770 991 1040
780 995 1040
790 995 1040
800 995 1040
810 993 1040
820 992 1040
830 992 1040
840 993 1040
850 994 1040
860 997 1040
870 995 1040
880 996 1040
890 995 1040
900 985 1040
910 940 1040
920 934 1040
930 933 1040
940 933 1040
950 933 1040
960 933 1040
970 933 1040
980 933 1040
990 933 1040
1000 933 1040
1010 933 1040
1020 933 1040
1030 933 1040
1040 933 1040
1050 929 1040
1060 917 1040
1070 905 1040
1080 888 1040
1090 881 1040
1100 877 1040
1110 862 1040
1120 857 1040
1130 855 1040
1140 851 1040
1150 842 1040
1160 840 1040
1170 837 1040
1180 829 1040
1190 820 1040
1200 814 1040
1210 813 1040
1220 737 1040
1230 574 1040
1240 344 1040
1250 168 1040
1260 112 1040
1270 106 1040
1280 103 1040
1290 103 1040
1300 103 1040
1310 103 1040
1320 102 1040
1330 102 1040
1340 102 1040
1350 102 1040
1360 100 1040
1370 99 1040
1380 93 1040
1390 88 1040
1400 86 1040
1410 81 1040
1420 74 1040
1430 67 1040
1440 63 1040
1450 55 1040
1460 45 1040
1470 33 1040
1480 22 1040
1490 9 1040
1500 1 1040
1510 1 1040
1520 1 1040
1527 0 1040
