0 16.4 164
10 21.4 378
20 18.9 567
30 22.8 795
40 20.7 1002
50 19.8 1200
60 18.5 1385
70 18.2 1567
80 20.4 1771
90 21.9 1990
100 21.4 2204
110 18.8 2392
120 20.1 2593
130 19.7 2790
140 19.5 2985
150 19.6 3181
160 21.5 3396
170 19.6 3592
180 19 3782
190 19.4 3976
200 22.3 4199
210 21.8 4417
220 20.9 4626
230 22.4 4850
240 20.7 5057
250 20.4 5261
260 22.6 5487
270 20.3 5690
280 21.4 5904
290 19.4 6098
300 21.1 6309
310 21.5 6524
320 20.3 6727
330 18.8 6915
340 20 7115
350 20.2 7317
360 19 7507
370 19.8 7705
380 20.3 7908
390 18.7 8095
400 17.5 8270
410 22.8 8498
420 20.5 8703
430 22.2 8925
440 20.8 9133
450 21.3 9346
460 22.2 9568
470 21.2 9780
480 20.9 9989
490 20.9 10198
500 20.4 10402
510 20.2 10604
520 22.6 10830
530 20.2 11032
540 20.1 11233
550 20.1 11434
560 19 11624
570 20.8 11832
580 22 12052
590 19.2 12244
600 20.7 12451
610 21.6 12667
620 19.9 12866
630 22.5 13091
640 21.4 13305
650 22 13525
660 21 13735
670 19.7 13932
680 19.7 14129
690 22.6 14355
700 18.4 14539
710 21.2 14751
720 21.5 14966
730 19.8 15164
740 22.1 15385
750 21.6 15601
760 18.1 15782
770 18.4 15966
780 23.9 16205
790 19.8 16403
800 21 16613
810 21.5 16828
820 22.3 17051
830 22.2 17273
840 22.7 17500
850 20.8 17708
860 20.6 17914
870 21.7 18131
880 21 18341
890 20.6 18547
900 1.7 18564
910 0 18564
920 0 18564
930 0 18564
940 0 18564
950 0 18564
960 0 18564
970 0 18564
980 0 18564
990 0 18564
1000 0 18564
1010 0 18564
1020 0 18564
1030 0 18564
1040 0 18564
1050 0 18564
1060 0 18564
1070 0 18564
1080 0 18564
1090 0 18564
1100 0 18564
1110 0 18564
1120 0 18564
1130 0 18564
1140 0 18564
1150 0 18564
1160 0 18564
1170 0 18564
1180 0 18564
1190 0 18564
1200 0 18564
1210 0 18564
1220 0 18564
1230 0 18564
1240 0 18564
1250 0 18564
1260 0 18564
1270 0 18564
1280 0 18564
1290 0 18564
1300 0 18564
1310 0 18564
1320 0 18564
1330 0 18564
1340 0 18564
1350 0 18564
1360 0 18564
1370 0 18564
1380 0 18564
1390 0 18564
1400 0 18564
1410 0 18564
1420 0 18564
1430 0 18564
1440 0 18564
1450 0 18564
1460 0 18564
1470 0 18564
1480 0 18564
1490 0 18564
1500 0 18564
1510 0 18564
1520 0 18564
1527 0 18564
