0 0.1 31.206 0.0 31.206 31.206 0 0
10 0.3 27.30333333333333 1.0851882581172532 31.206 26.529 31.206 1
20 0.4 26.308500000000002 0.8396649629465315 31.206 25.446 28.279 4
30 0.5 28.2582 1.722675291516078 31.206 25.446 27.293750000000003 8
40 0.5 27.4538 1.6473189612215353 31.206 25.446 27.66469230769231 13
50 0.6 28.275000000000002 1.7494595355899687 31.206 25.446 27.60611111111111 18
60 0.5 27.6616 2.5497150899659347 32.666 25.446 27.773333333333337 24
70 0.2 31.3405 1.9224999999999994 33.263 25.446 27.75406896551724 29
80 0.7 27.455000000000005 1.6173578100452262 33.263 25.446 27.98545161290323 31
84 0.2 30.758000000000003 0.9609999999999994 33.263 25.446 27.887736842105266 38
