0 0.1 6.947907464771206 0 6.947907464771206 6.947907464771206 0 0
10 0.1 15.902543419211456 0.0 15.902543419211456 6.947907464771206 6.947907464771206 1
20 0.1 17.98972015990862 0.0 17.98972015990862 6.947907464771206 11.425225441991332 2
30 0.1 10.526315789473683 0.0 17.98972015990862 6.947907464771206 13.613390347963763 3
40 0.1 8.298547336784104 0.0 17.98972015990862 6.947907464771206 12.841621708341243 4
50 0.1 8.396688629836122 0.0 17.98972015990862 6.947907464771206 11.933006834029815 5
60 0.1 7.113565988785672 0.0 17.98972015990862 6.947907464771206 11.343620466664198 6
70 0.1 8.735747820254861 0.0 17.98972015990862 6.947907464771206 10.739326969824408 7
80 0.1 7.868275515334338 0.0 17.98972015990862 6.947907464771206 10.488879576128214 8
84 0.1 9.540931516013044 0.0 17.98972015990862 6.947907464771206 10.197701347151117 9
