0 0.1 12452.64453125 0 12452.64453125 12452.64453125 0 0
10 0.1 12601.1796875 0.0 12601.1796875 12452.64453125 12452.64453125 1
20 0.1 12742.30078125 0.0 12742.30078125 12452.64453125 12526.912109375 2
30 0.1 12646.4765625 0.0 12742.30078125 12452.64453125 12598.708333333334 3
40 0.1 12740.08203125 0.0 12742.30078125 12452.64453125 12610.650390625 4
50 0.1 12758.34375 0.0 12758.34375 12452.64453125 12636.53671875 5
60 0.1 12854.49609375 0.0 12854.49609375 12452.64453125 12656.837890625 6
70 0.1 12853.81640625 0.0 12854.49609375 12452.64453125 12685.074776785714 7
80 0.1 12819.8046875 0.0 12854.49609375 12452.64453125 12706.16748046875 8
84 0.1 12866.828125 0.0 12866.828125 12452.64453125 12718.793836805555 9
