0 0.1 1.26171875 0 1.26171875 1.26171875 0 0
10 0.1 1.140625 0.0 1.26171875 1.140625 1.26171875 1
20 0.1 0.9609375 0.0 1.26171875 0.9609375 1.201171875 2
30 0.1 1.12890625 0.0 1.26171875 0.9609375 1.12109375 3
40 0.1 1.12109375 0.0 1.26171875 0.9609375 1.123046875 4
50 0.1 0.94140625 0.0 1.26171875 0.94140625 1.12265625 5
60 0.1 0.94921875 0.0 1.26171875 0.94140625 1.0924479166666667 6
70 0.1 0.80078125 0.0 1.26171875 0.80078125 1.0719866071428572 7
80 0.1 0.76171875 0.0 1.26171875 0.76171875 1.0380859375 8
84 0.1 0.640625 0.0 1.26171875 0.640625 1.0073784722222223 9
