0 0.1 61.921 0.0 61.921 61.921 0 0
10 0.3 118.28099999999999 87.65978202497806 242.214 53.704 61.921 1
20 0.4 67.92475 7.453739778627907 242.214 53.704 104.19099999999999 4
30 0.5 65.2714 8.374653869862321 242.214 53.373 86.057875 8
40 0.5 62.617200000000004 6.828673118549459 242.214 53.248 78.06307692307692 13
50 0.6 68.66583333333334 8.420827164767658 242.214 53.248 73.77255555555556 18
60 0.5 62.4418 7.568120411304248 242.214 52.388 72.495875 24
70 0.2 70.727 7.220000000000004 242.214 52.388 70.76241379310343 29
80 0.7 62.66628571428571 7.524409226250365 242.214 52.388 70.76012903225806 31
84 0.2 78.41749999999999 1.7865000000000002 242.214 52.388 69.26915789473685 38
