0 72.8 1773.8632087912088 1414.3220815056602 6542.191 40.498 0 0
10 51.6 5774.525972868217 3424.8486946391354 17481.933 40.498 1773.8632087912088 728
20 55.4 6056.723498194947 6203.317464145409 18498.511 40.498 3433.3021045016076 1244
30 19.6 8116.021943877553 10182.311756548734 32076.377 40.498 4241.6310545050055 1798
40 27.8 8139.900651079139 9660.640367920476 32093.411 40.498 4622.463860080241 1994
50 28.9 5895.671276816614 8758.449915331754 32093.411 40.498 5052.854453345071 2272
60 28.2 5914.912535460996 10342.816188782217 32115.469 40.498 5147.963419367436 2561
70 29.6 8360.42360472973 18258.835878402602 65697.55 40.498 5224.037865634894 2843
80 33.4 7807.563377245512 14924.761049995344 66889.212 40.498 5519.791347244347 3139
90 28.6 11181.453912587409 21529.027335448136 66889.212 40.498 5739.8074307515135 3473
100 25 6351.921984000001 12824.281287724254 66889.212 40.498 6153.83001489758 3759
110 124 3046.287238709678 9640.944256517698 66889.212 34.074 6166.182968820155 4009
120 24.1 14397.0341659751 23517.3495506281 66889.212 34.074 5429.152923985523 5249
130 18 5821.469305555562 18396.318603814376 66889.212 34.074 5822.824942076504 5490
140 2.4 2698.6234999999992 12728.203072904813 66889.212 34.074 5822.781905996474 5670
150 0.4 42.9785 1.4950636274085483 66889.212 34.074 5809.613693537059 5694
160 0.3 61.741666666666674 20.983179459324607 66889.212 34.074 5805.565511583013 5698
170 0.6 50.32516666666667 5.746270483733095 66889.212 34.074 5802.542976670761 5701
180 0 0 0 66889.212 34.074 5796.495437357633 5707
190 0 0 0 66889.212 34.074 5796.495437357633 5707
200 0 0 0 66889.212 34.074 5796.495437357633 5707
201 0 0 0 66889.212 34.074 5796.495437357633 5707
