0 36.2 3192.1224834254153 1904.866217687361 8038.557 160.504 0 0
10 45.4 8261.061786343615 3055.9890202567603 17237.422 160.504 3192.1224834254153 362
20 47.9 11184.370444676404 7159.448973358922 26591.888 160.504 6012.341164215688 816
30 20 13571.236210000005 10267.876389929079 34438.186 160.504 7925.392921235521 1295
40 25.2 16869.691817460323 12321.09106864202 45459.196 160.504 8680.689682274247 1495
50 28.4 15410.000880281697 15491.68670535617 52668.974 160.504 9861.930974813968 1747
60 28.9 13810.846826989615 15820.187825311015 60720.994 160.504 10637.73198572132 2031
70 30 14962.272716666661 20873.075509025115 75329.205 160.504 11033.003618965518 2320
80 33.5 15958.025832835801 21475.09651315494 85585.368 160.504 11482.919927862595 2620
90 32.4 23070.418802469125 26066.081998040318 89961.222 160.504 11990.250038917087 2955
100 23.9 14720.877184100422 20899.764838501153 102461.418 160.504 13085.08830649588 3279
110 107.1 12048.813372549012 22701.481851899574 112075.341 160.504 13196.217795338258 3518
120 71.6 19286.528364525155 29714.131988856683 126192.472 160.504 12928.431755502284 4589
130 23.5 29741.860102127644 47468.01947267327 134858.991 149.402 13786.565058435437 5305
140 4.9 58842.99095918368 58283.108415501396 143531.194 113.707 14463.3690900722 5540
150 3 120225.41683333337 48044.19552210032 153750.206 110.855 14852.455057434243 5589
160 2.4 134109.39554166666 51965.17743402885 164407.158 110.855 15415.044282078657 5619
170 3.2 123373.226125 59918.41016331713 171319.434 110.855 15919.858109870633 5643
180 2.3 169573.8063043478 8538.950226639838 181954.995 110.855 16525.762563876648 5675
190 0.7 180055.9048571429 7891.663019779285 189951.783 110.855 17143.541610214106 5698
200 0.2 195845.206 5273.029999999999 201118.236 110.855 17343.43408045574 5705
201 0 0 0 201118.236 110.855 17405.989458734886 5707
