0 75.8 1710.2732691292892 2135.477609592768 8040.704 64.42 0 0
10 186.5 2001.7685270777497 3814.1094733746513 17239.343 64.414 1710.2732691292892 758
20 188.1 2998.0992727272755 6114.101823424424 26594.003 64.356 1917.5316206633643 2623
30 189.6 1612.9993433544298 5672.014364320922 35855.182 64.302 2368.8077648756685 4504
40 193.1 2059.284782496113 6883.851388925293 45461.526 64.302 2144.8995200000018 6400
50 190.5 2351.9588020997408 8105.500883658009 52670.226 64.302 2125.0553166486625 8331
60 187.9 2359.99137094199 8134.705741503849 60723.065 64.302 2167.2838375341944 10236
70 186.2 2610.2533367346996 10617.253640310955 75330.969 64.302 2197.172195377632 12115
80 193.1 2524.379540134641 10077.776802609507 85587.407 64.302 2252.2023939328915 13977
90 201.1 3776.896693187475 13458.67053988448 89962.913 64.302 2285.2407437767174 15908
100 177.1 2294.257577075096 10230.418977018766 104333.569 64.302 2452.64518120431 17919
110 174.2 7398.827919632617 18450.183524067183 112077.363 64.302 2438.3991453021854 19690
120 76.4 17647.565827225113 29000.685805126046 126194.45 64.302 2841.584425485258 21432
130 23.5 120564.90262978722 22748.31441885944 134861.043 64.302 3351.2154306631837 22196
140 6.4 122327.934 18972.05319248267 143534.191 64.302 4579.213134367617 22431
150 3 137549.5850666667 10000.962495281678 153753.809 64.302 4914.21727463881 22495
160 2.6 148886.67592307692 14383.455602125547 164409.207 64.302 5090.868152941178 22525
170 3.3 147379.57393939391 12569.76553981764 171321.357 64.302 5256.656410757839 22551
180 2.3 169587.17313043476 8538.075344975632 181957.021 64.302 5464.328049017005 22584
190 0.7 180070.51900000003 7894.45044127694 189954.956 64.302 5631.304004998453 22607
200 0.2 195852.989 5267.921000000002 201120.91 64.302 5685.30040125586 22614
201 0 0 0 201120.91 64.302 5702.117494340291 22616
