0 105.725 105.725
10 128.04453125 233.76953125
20 125.51796875 359.2875
30 50.99609375 410.28359375
40 69.3484375 479.63203125
50 75.80078125 555.4328125
60 81.5078125 636.940625
70 84.69453125 721.63515625
80 97.16328125 818.7984375
90 92.56484375 911.36328125
100 69.6203125 980.98359375
110 308.39296875 1289.3765625
120 201.1484375 1490.525
130 62.42890625 1552.95390625
140 10.396875 1563.35078125
150 2.96875 1566.31953125
160 2.96875 1569.28828125
170 3.265625 1572.55390625
180 2.375 1574.92890625
190 1.1875 1576.11640625
200 0 1576.11640625
201 0 1576.11640625
