0 206.26875 206.26875
10 146.115625 352.384375
20 156.9890625 509.3734375
30 55.528125 564.9015625
40 78.7609375 643.6625
50 81.87578125 725.53828125
60 80.0015625 805.53984375
70 83.85 889.38984375
80 94.6609375 984.05078125
90 81.0421875 1065.09296875
100 70.8015625 1135.89453125
110 351.35 1487.24453125
120 68.27578125 1555.5203125
130 50.984375 1606.5046875
140 6.7875 1613.2921875
150 1.140625 1614.4328125
160 0.84609375 1615.27890625
170 1.7109375 1616.98984375
180 0 1616.98984375
190 0 1616.98984375
200 0 1616.98984375
201 0 1616.98984375
