0 19.8 198
10 25.2 450
20 26.5 715
30 24 955
40 21.1 1166
50 13.7 1303
60 3.1 1334
70 1.2 1346
80 3 1376
90 0.3 1379
100 2.2 1401
110 1.6 1417
120 1.9 1436
130 0.9 1445
140 0.7 1452
150 2.3 1475
160 1.9 1494
170 0.8 1502
180 0.7 1509
190 2.3 1532
200 2.3 1555
210 1.9 1574
220 0.9 1583
230 2.6 1609
240 1.7 1626
250 1 1636
260 1.4 1650
270 2.1 1671
280 1.5 1686
290 0.7 1693
300 2.3 1716
310 1.6 1732
320 1.8 1750
330 1.1 1761
340 1.3 1774
350 1.3 1787
360 1.2 1799
370 2.3 1822
380 1.3 1835
390 1.3 1848
400 1.4 1862
410 0.8 1870
420 2.2 1892
430 0.7 1899
440 1.7 1916
450 1.1 1927
460 2.2 1949
470 2.5 1974
480 1.7 1991
490 0.7 1998
500 1.5 2013
510 2.2 2035
520 1.3 2048
530 1.1 2059
540 2 2079
550 1.4 2093
560 1.1 2104
570 2.2 2126
580 2.2 2148
590 0.9 2157
600 0.6 2163
610 1.5 2178
620 4.7 2225
630 18.8 2413
640 17.7 2590
650 20.9 2799
660 11.9 2918
670 2.3 2941
680 2.2 2963
690 0.6 2969
700 0.7 2976
710 0.9 2985
720 1.5 3000
730 0.7 3007
740 0.8 3015
750 0.7 3022
760 1.3 3035
770 1 3045
780 0.6 3051
790 0.5 3056
800 0.9 3065
810 1 3075
820 0.8 3083
830 0.7 3090
840 0.9 3099
850 0.9 3108
860 0.8 3116
870 1 3126
880 1 3136
890 0.7 3143
900 0.1 3144
910 0 3144
920 0 3144
930 0 3144
940 0 3144
950 0 3144
960 0 3144
970 0 3144
980 0 3144
990 0 3144
1000 0 3144
1010 0 3144
1020 0 3144
1030 0 3144
1040 0 3144
1050 0 3144
1060 0 3144
1070 0 3144
1080 0 3144
1090 0 3144
1100 0 3144
1110 0 3144
1120 0 3144
1130 0 3144
1140 0 3144
1150 0 3144
1160 0 3144
1170 0 3144
1180 0 3144
1190 0 3144
1200 0 3144
1210 0 3144
1220 0 3144
1230 0 3144
1240 0 3144
1250 0 3144
1260 0 3144
1270 0 3144
1280 0 3144
1290 0 3144
1300 0 3144
1310 0 3144
1320 0 3144
1330 0 3144
1340 0 3144
1350 0 3144
1360 0 3144
1370 0 3144
1380 0 3144
1390 0 3144
1400 0 3144
1410 0 3144
1420 0 3144
1430 0 3144
1440 0 3144
1450 0 3144
1460 0 3144
1470 0 3144
1480 0 3144
1490 0 3144
1500 0 3144
1507 0 3144
