0 28.9 27.261159169550176 1.9225829931809237 33.514 24.152 0 0
10 39.5 27.365648101265837 3.049498433997317 53.214 23.997 27.261159169550176 289
20 42.2 27.19766824644547 1.9217661798796308 53.214 23.979 27.32150000000001 684
30 43.7 99.200695652174 70.75100150156804 243.188 23.979 27.274251356238693 1106
40 43.7 124.92151029748288 66.90945837331621 255.09 23.979 47.64486454957877 1543
50 29.3 130.8011706484641 68.312198438342 255.09 23.979 64.7003666666667 1980
60 4.6 166.91843478260873 77.80504827637617 255.09 23.979 73.22105983282007 2273
70 1.5 182.27893333333333 59.381592056199445 255.09 23.979 75.07965373005608 2319
80 3.1 174.01470967741938 76.83174814770157 255.09 23.979 75.76859511568126 2334
90 0.4 187.671 82.09248411090992 255.09 23.979 77.05638773784358 2365
100 1.7 179.1715294117647 57.6997780147811 255.09 23.979 77.24315787252009 2369
110 1.8 171.1203888888889 62.98272877643952 255.09 23.979 77.96938683989944 2386
120 2.1 165.49338095238096 71.29901868654574 255.09 23.979 78.6668569051581 2404
130 1 171.62730000000002 62.78948120194975 255.09 23.979 79.41875670103096 2425
140 0.7 151.7642857142857 79.6675464014843 255.09 23.979 79.79743655030803 2435
150 2 150.64385 80.308275911188 255.09 23.979 80.00372972972976 2442
160 1.8 192.23544444444445 58.81576530925683 255.09 23.979 80.57757311129166 2462
170 1.2 170.09816666666666 61.864723706693745 255.09 23.979 81.38799314516132 2480
180 0.6 184.50266666666667 70.1477453062859 255.09 23.979 81.81516894060998 2492
190 1.9 190.3774736842105 54.32678527826178 255.09 23.979 82.06181625300243 2498
200 2.4 187.2672083333333 55.45749851085601 255.09 23.979 82.87945530393328 2517
210 2 178.74460000000005 64.1375335138482 255.09 23.979 83.8654081070445 2541
220 1.2 177.67808333333335 54.550691403284624 255.09 23.979 84.60636235845375 2561
230 2.1 191.84633333333335 52.079563068108385 255.09 23.979 85.04043179168288 2573
240 1.9 153.3737894736842 71.96081570555124 255.09 23.979 85.90509020817272 2594
250 1.2 171.90391666666667 63.13655233494348 255.09 23.979 86.39567776502106 2613
260 1.4 155.3377857142857 81.58011600101949 255.09 23.979 86.7865725714286 2625
270 1.8 195.7315555555555 49.24602248374112 255.09 23.979 87.1502394846533 2639
280 1.7 180.8961176470588 58.17717718758422 255.09 23.979 87.88582988332708 2657
290 0.9 182.918 63.477883686630044 255.09 23.979 88.47714435302919 2674
300 1.7 158.50323529411762 80.59125509451596 255.09 23.979 88.79394185613121 2683
310 1.7 159.06676470588238 80.95064382807544 255.09 23.979 89.23285222222223 2700
320 2.3 174.80778260869562 62.58511043924004 255.09 23.979 89.66979609863822 2717
330 1 180.19609999999997 59.40416872652961 255.09 23.979 90.38445802919709 2740
340 1.5 159.33259999999999 79.71852716384902 255.09 23.979 90.71104581818183 2750
350 0.9 201.01077777777778 31.598440312345147 255.09 23.979 91.08331464737796 2765
360 1.5 160.56179999999998 68.20601940806496 255.09 23.979 91.43996467195387 2774
370 1.7 170.618 74.8108272487817 255.09 23.979 91.8117206884188 2789
380 1.8 184.67049999999998 70.46401579076452 255.09 23.979 92.28916429080543 2806
390 1.2 196.80949999999999 63.557519675094305 255.09 23.979 92.87799716713883 2824
400 1.5 189.0626 67.89490655692322 255.09 23.979 93.31776375176305 2836
410 0.8 174.42425 66.61663986150532 255.09 23.979 93.8215071904595 2851
420 1.9 162.42505263157895 81.91353405844848 255.09 23.979 94.04704826862539 2859
430 0.9 137.25122222222222 68.23070306081301 255.09 23.979 94.49846664350243 2878
440 1.7 157.4792352941177 70.10587088743576 255.09 23.979 94.63174506408036 2887
450 1 161.2853 63.93332606403331 255.09 23.979 94.99965392561984 2904
460 1.8 183.58933333333334 70.61747647950423 255.09 23.979 95.22712697323267 2914
470 2.5 193.14280000000002 61.28563475791044 255.823 23.979 95.76959618008186 2932
480 2.3 179.68843478260868 68.35609428816646 255.823 23.979 96.5928393642205 2957
490 0.8 140.0635 92.54129587108666 255.823 23.979 97.23418120805368 2980
500 1.5 185.71606666666668 55.38853732132269 255.823 23.979 97.34885140562248 2988
510 1.4 202.21978571428576 41.4549207008194 255.823 23.979 97.79024608724606 3003
520 2.1 173.6966666666667 69.29656912920989 255.823 23.979 98.27483791846203 3017
530 1 159.54649999999998 73.87191457143913 255.823 23.979 98.7961869651086 3038
540 1.9 188.5203684210526 65.08275220558623 255.823 23.979 98.99549901574802 3048
550 1.3 173.68284615384616 72.61797922727715 255.823 23.979 99.55010368438211 3067
560 1.3 199.69123076923077 39.768870454847445 255.823 23.979 99.8630016233766 3080
570 1.7 170.72611764705886 75.35063399154207 255.823 23.979 100.28258357581633 3093
580 2.6 171.2824230769231 62.985004959161685 255.823 23.979 100.66764469453372 3110
590 1 151.3375 82.53684797379896 255.823 23.979 101.25309885204078 3136
600 0.8 175.76875 63.155691021771744 255.823 23.979 101.41229910998089 3146
610 1.1 180.82163636363637 69.35927919997796 255.823 23.979 101.60090139505387 3154
620 5.3 133.32126415094334 73.51020055905242 255.823 23.979 101.87623412322272 3165
630 31.9 127.47010971786843 68.56168239759428 255.823 23.979 102.39412927284025 3218
640 35.8 134.9129162011172 69.62022467086722 255.823 23.979 104.65571755725189 3537
650 41.8 128.89287081339702 71.62079177114629 273.407 23.979 107.4367386392811 3895
660 22.4 128.65188839285722 69.4492675688459 273.407 23.979 109.51618757245534 4313
670 4.7 163.74991489361693 69.79579732084397 273.407 23.979 110.4609521710381 4537
680 3.5 170.27768571428578 78.83818611806679 273.407 23.979 111.00732678883068 4584
690 1.1 201.0118181818182 51.7489777427679 273.407 23.979 111.4564418705347 4619
700 1.2 194.1455 62.38297865403671 273.407 23.979 111.6692084233261 4630
710 1.5 170.6968 89.49896485300822 273.407 23.979 111.88241727703571 4642
720 2.4 171.932 71.20592955002647 273.407 23.979 112.0718559158256 4657
730 1.2 153.56591666666665 88.35379137258187 273.407 23.979 112.37876543473612 4681
740 1.3 148.60999999999999 80.88658987172671 273.407 23.979 112.48408097165988 4693
750 1 211.64520000000002 34.69420453274581 273.407 23.979 112.58387632809176 4706
760 2.2 157.22609090909094 81.77417875683847 273.407 23.979 112.79393002544526 4716
770 1.6 153.1421875 76.68309471472408 273.407 23.979 113.00024229632754 4738
780 1.2 166.41366666666667 70.48810403220926 273.407 23.979 113.13534350021034 4754
790 0.7 155.85514285714288 98.68932474390614 273.407 23.979 113.26948950902224 4766
800 1.6 165.28812499999998 85.79389787513665 273.407 23.979 113.33194489838677 4773
810 1.7 180.75676470588235 67.96110400076988 273.407 23.979 113.50552996450199 4789
820 1.4 204.64850000000004 52.96008815237322 273.407 23.979 113.74341406575114 4806
830 1.4 149.83478571428574 93.06335600329992 273.407 23.979 114.00745373443984 4820
840 1.4 174.32392857142852 79.19928307888388 273.407 23.979 114.11121514273894 4834
850 1.7 162.83964705882354 83.29726134608379 273.407 23.979 114.28509674092412 4848
860 1.1 184.29554545454545 73.96588410927106 273.407 23.979 114.45476320657761 4865
870 1.7 190.10111764705883 65.51908199446878 273.407 23.979 114.61232034454473 4876
880 2 167.35444999999999 77.49107431341689 273.407 23.979 114.87459493153487 4893
890 1 168.76819999999998 81.99123657294113 273.407 23.979 115.08823163036845 4913
900 0.3 177.47033333333334 85.27714541944336 273.407 23.979 115.19727076985582 4923
910 0.1 25.577 0.0 273.407 23.979 115.23519589930983 4926
920 0 0 0 273.407 23.979 115.21699857925721 4927
930 0 0 0 273.407 23.979 115.21699857925721 4927
940 0 0 0 273.407 23.979 115.21699857925721 4927
950 0 0 0 273.407 23.979 115.21699857925721 4927
960 0 0 0 273.407 23.979 115.21699857925721 4927
970 0 0 0 273.407 23.979 115.21699857925721 4927
980 0 0 0 273.407 23.979 115.21699857925721 4927
990 0 0 0 273.407 23.979 115.21699857925721 4927
1000 0 0 0 273.407 23.979 115.21699857925721 4927
1010 0 0 0 273.407 23.979 115.21699857925721 4927
1020 0 0 0 273.407 23.979 115.21699857925721 4927
1030 0 0 0 273.407 23.979 115.21699857925721 4927
1040 0 0 0 273.407 23.979 115.21699857925721 4927
1050 0 0 0 273.407 23.979 115.21699857925721 4927
1060 0 0 0 273.407 23.979 115.21699857925721 4927
1070 0 0 0 273.407 23.979 115.21699857925721 4927
1080 0 0 0 273.407 23.979 115.21699857925721 4927
1090 0 0 0 273.407 23.979 115.21699857925721 4927
1100 0 0 0 273.407 23.979 115.21699857925721 4927
1110 0 0 0 273.407 23.979 115.21699857925721 4927
1120 0 0 0 273.407 23.979 115.21699857925721 4927
1130 0 0 0 273.407 23.979 115.21699857925721 4927
1140 0 0 0 273.407 23.979 115.21699857925721 4927
1150 0 0 0 273.407 23.979 115.21699857925721 4927
1160 0 0 0 273.407 23.979 115.21699857925721 4927
1170 0 0 0 273.407 23.979 115.21699857925721 4927
1180 0 0 0 273.407 23.979 115.21699857925721 4927
1190 0 0 0 273.407 23.979 115.21699857925721 4927
1200 0 0 0 273.407 23.979 115.21699857925721 4927
1210 0 0 0 273.407 23.979 115.21699857925721 4927
1220 0 0 0 273.407 23.979 115.21699857925721 4927
1230 0 0 0 273.407 23.979 115.21699857925721 4927
1240 0 0 0 273.407 23.979 115.21699857925721 4927
1250 0 0 0 273.407 23.979 115.21699857925721 4927
1260 0 0 0 273.407 23.979 115.21699857925721 4927
1270 0 0 0 273.407 23.979 115.21699857925721 4927
1280 0 0 0 273.407 23.979 115.21699857925721 4927
1290 0 0 0 273.407 23.979 115.21699857925721 4927
1300 0 0 0 273.407 23.979 115.21699857925721 4927
1310 0 0 0 273.407 23.979 115.21699857925721 4927
1320 0 0 0 273.407 23.979 115.21699857925721 4927
1330 0 0 0 273.407 23.979 115.21699857925721 4927
1340 0 0 0 273.407 23.979 115.21699857925721 4927
1350 0 0 0 273.407 23.979 115.21699857925721 4927
1360 0 0 0 273.407 23.979 115.21699857925721 4927
1370 0 0 0 273.407 23.979 115.21699857925721 4927
1380 0 0 0 273.407 23.979 115.21699857925721 4927
1390 0 0 0 273.407 23.979 115.21699857925721 4927
1400 0 0 0 273.407 23.979 115.21699857925721 4927
1410 0 0 0 273.407 23.979 115.21699857925721 4927
1420 0 0 0 273.407 23.979 115.21699857925721 4927
1430 0 0 0 273.407 23.979 115.21699857925721 4927
1440 0 0 0 273.407 23.979 115.21699857925721 4927
1450 0 0 0 273.407 23.979 115.21699857925721 4927
1460 0 0 0 273.407 23.979 115.21699857925721 4927
1470 0 0 0 273.407 23.979 115.21699857925721 4927
1480 0 0 0 273.407 23.979 115.21699857925721 4927
1490 0 0 0 273.407 23.979 115.21699857925721 4927
1500 0 0 0 273.407 23.979 115.21699857925721 4927
1507 0 0 0 273.407 23.979 115.21699857925721 4927
