0 146 146
10 286 140
20 446 160
30 670 224
40 888 218
50 991 103
60 991 0
70 991 0
80 991 0
90 991 0
100 991 0
110 991 0
120 991 0
130 991 0
140 991 0
150 990 -1
160 991 1
170 991 0
180 991 0
190 991 0
200 991 0
210 991 0
220 991 0
230 991 0
240 991 0
250 990 -1
260 990 0
270 991 1
280 991 0
290 991 0
300 991 0
310 990 -1
320 991 1
330 991 0
340 991 0
350 991 0
360 991 0
370 991 0
380 991 0
390 991 0
400 991 0
410 991 0
420 991 0
430 991 0
440 989 -2
450 991 2
460 991 0
470 990 -1
480 991 1
490 990 -1
500 991 1
510 990 -1
520 991 1
530 991 0
540 991 0
550 989 -2
560 991 2
570 991 0
580 991 0
590 990 -1
600 991 1
610 991 0
620 986 -5
630 960 -26
640 896 -64
650 953 57
660 991 38
670 991 0
680 991 0
690 991 0
700 991 0
710 991 0
720 991 0
730 991 0
740 990 -1
750 990 0
760 991 1
770 990 -1
780 991 1
790 991 0
800 991 0
810 991 0
820 991 0
830 991 0
840 991 0
850 991 0
860 988 -3
870 990 2
880 991 1
890 991 0
900 986 -5
910 980 -6
920 969 -11
930 967 -2
940 960 -7
950 957 -3
960 949 -8
970 944 -5
980 935 -9
990 931 -4
1000 924 -7
1010 921 -3
1020 915 -6
1030 909 -6
1040 903 -6
1050 900 -3
1060 897 -3
1070 888 -9
1080 878 -10
1090 873 -5
1100 867 -6
1110 864 -3
1120 855 -9
1130 851 -4
1140 843 -8
1150 838 -5
1160 833 -5
1170 828 -5
1180 816 -12
1190 811 -5
1200 807 -4
1210 804 -3
1220 792 -12
1230 669 -123
1240 488 -181
1250 295 -193
1260 165 -130
1270 142 -23
1280 127 -15
1290 122 -5
1300 118 -4
1310 111 -7
1320 103 -8
1330 97 -6
1340 91 -6
1350 89 -2
1360 80 -9
1370 74 -6
1380 68 -6
1390 66 -2
1400 59 -7
1410 52 -7
1420 46 -6
1430 39 -7
1440 34 -5
1450 26 -8
1460 22 -4
1470 16 -6
1480 6 -10
1490 3 -3
1500 1 -2
1507 0 -1
