50 8.4 84
60 22.8 312
70 22.2 534
80 17.8 712
90 21.2 924
100 17.9 1103
110 21.5 1318
120 19.8 1516
130 19.8 1714
140 22.3 1937
150 19.1 2128
160 19 2318
170 17.2 2490
180 21.5 2705
190 19 2895
200 18.5 3080
210 19.4 3274
220 21.3 3487
230 19.9 3686
240 19.3 3879
250 22.4 4103
260 20.8 4311
270 20.3 4514
280 20.8 4722
290 21.6 4938
300 17.5 5113
310 19.3 5306
320 20.3 5509
330 22.1 5730
340 22.4 5954
350 18.5 6139
360 23.3 6372
370 20.6 6578
380 20.5 6783
390 22.4 7007
400 23.4 7241
410 20.2 7443
420 21.1 7654
430 17.4 7828
440 20.1 8029
450 21.6 8245
460 19.8 8443
470 20.9 8652
480 19.5 8847
490 18.2 9029
500 19.8 9227
510 19.7 9424
520 21.8 9642
530 20.6 9848
540 23 10078
550 17.6 10254
560 18 10434
570 19.2 10626
580 21.2 10838
590 20.2 11040
600 18.8 11228
610 23.3 11461
620 18.5 11646
630 0.2 11648
640 0 11648
650 0 11648
660 15.7 11805
670 20.7 12012
680 20 12212
690 19.5 12407
700 21 12617
710 19.7 12814
720 19.3 13007
730 17.5 13182
740 21.6 13398
750 19.6 13594
760 20.3 13797
770 18.1 13978
780 20.6 14184
790 19.6 14380
800 20.4 14584
810 20.2 14786
820 19 14976
830 21.7 15193
840 18.9 15382
850 20.7 15589
860 21.7 15806
870 21.7 16023
880 19.3 16216
890 20.6 16422
900 2.9 16451
910 0 16451
920 0 16451
930 0 16451
940 0 16451
950 0 16451
960 0 16451
970 0 16451
980 0 16451
990 0 16451
1000 0 16451
1010 0 16451
1020 0 16451
1030 0 16451
1040 0 16451
1050 0 16451
1060 0 16451
1070 0 16451
1080 0 16451
1090 0 16451
1100 0 16451
1110 0 16451
1120 0 16451
1130 0 16451
1140 0 16451
1150 0 16451
1160 0 16451
1170 0 16451
1180 0 16451
1190 0 16451
1200 0 16451
1210 0 16451
1220 0 16451
1230 0 16451
1240 0 16451
1250 0 16451
1260 0 16451
1270 0 16451
1280 0 16451
1290 0 16451
1300 0 16451
1310 0 16451
1320 0 16451
1330 0 16451
1340 0 16451
1350 0 16451
1360 0 16451
1370 0 16451
1380 0 16451
1390 0 16451
1400 0 16451
1410 0 16451
1420 0 16451
1430 0 16451
1440 0 16451
1450 0 16451
1460 0 16451
1470 0 16451
1480 0 16451
1490 0 16451
1500 0 16451
1507 0 16451
