620 3.6 36
630 19.8 234
640 22.5 459
650 16.8 627
660 2.3 650
670 0.7 657
680 1.3 670
690 0.1 671
700 0.6 677
710 0.7 684
720 1 694
730 0.4 698
740 0.4 702
750 0.7 709
760 0.6 715
770 0.7 722
780 0.2 724
790 0.5 729
800 0.7 736
810 0.8 744
820 0.5 749
830 0.6 755
840 0.8 763
850 0.5 768
860 0.7 775
870 0.4 779
880 0.8 787
890 0.4 791
900 0.5 796
910 0.7 803
920 1.1 814
930 0.2 816
940 0.7 823
950 0.3 826
960 0.8 834
970 0.5 839
980 0.9 848
990 0.4 852
1000 0.7 859
1010 0.3 862
1020 0.6 868
1030 0.6 874
1040 0.6 880
1050 0.3 883
1060 0.3 886
1070 0.9 895
1080 1 905
1090 0.5 910
1100 0.6 916
1110 0.3 919
1120 0.9 928
1130 0.4 932
1140 0.8 940
1150 0.5 945
1160 0.5 950
1170 0.5 955
1180 1.2 967
1190 0.5 972
1200 0.4 976
1210 0.3 979
1220 1.2 991
1230 12.3 1114
1240 18.1 1295
1250 19.3 1488
1260 13 1618
1270 2.3 1641
1280 1.5 1656
1290 0.5 1661
1300 0.4 1665
1310 0.7 1672
1320 0.8 1680
1330 0.6 1686
1340 0.6 1692
1350 0.2 1694
1360 0.9 1703
1370 0.6 1709
1380 0.6 1715
1390 0.2 1717
1400 0.7 1724
1410 0.7 1731
1420 0.6 1737
1430 0.7 1744
1440 0.5 1749
1450 0.8 1757
1460 0.4 1761
1470 0.6 1767
1480 1 1777
1490 0.3 1780
1500 0.2 1782
1507 0.1 1783
