50 35.9 359
60 94.2 1301
70 88.1 2182
80 72.5 2907
90 84.6 3753
100 72.5 4478
110 86.6 5344
120 81.2 6156
130 79.4 6950
140 90.3 7853
150 76.9 8622
160 77.4 9396
170 68.7 10083
180 86.5 10948
190 77.1 11719
200 74.5 12464
210 78 13244
220 85.8 14102
230 81.8 14920
240 77.9 15699
250 90.1 16600
260 84.2 17442
270 82.3 18265
280 83.6 19101
290 86.5 19966
300 71 20676
310 77.9 21455
320 81.2 22267
330 88.8 23155
340 90.4 24059
350 74.9 24808
360 93.4 25742
370 83 26572
380 83.2 27404
390 89.8 28302
400 94.7 29249
410 80.7 30056
420 86.3 30919
430 69 31609
440 81.5 32424
450 86.7 33291
460 80.2 34093
470 85.5 34948
480 79 35738
490 72.8 36466
500 79.8 37264
510 79.1 38055
520 87.9 38934
530 82.6 39760
540 93.8 40698
550 72.1 41419
560 72.4 42143
570 77.5 42918
580 84.8 43766
590 81.7 44583
600 75.4 45337
610 93.4 46271
620 77.1 47042
630 0.9 47051
640 0 47051
650 0 47051
660 69.1 47742
670 83.3 48575
680 81 49385
690 79 50175
700 85 51025
710 79.1 51816
720 77.5 52591
730 71.4 53305
740 86.4 54169
750 79.9 54968
760 81.2 55780
770 73.7 56517
780 82.3 57340
790 79 58130
800 82.3 58953
810 82.1 59774
820 76.8 60542
830 87 61412
840 78 62192
850 83.6 63028
860 86.8 63896
870 87.1 64767
880 78.6 65553
890 83.2 66385
900 10.9 66494
910 0 66494
920 0 66494
930 0 66494
940 0 66494
950 0 66494
960 0 66494
970 0 66494
980 0 66494
990 0 66494
1000 0 66494
1010 0 66494
1020 0 66494
1030 0 66494
1040 0 66494
1050 0 66494
1060 0 66494
1070 0 66494
1080 0 66494
1090 0 66494
1100 0 66494
1110 0 66494
1120 0 66494
1130 0 66494
1140 0 66494
1150 0 66494
1160 0 66494
1170 0 66494
1180 0 66494
1190 0 66494
1200 0 66494
1210 0 66494
1220 0 66494
1230 0 66494
1240 0 66494
1250 0 66494
1260 0 66494
1270 0 66494
1280 0 66494
1290 0 66494
1300 0 66494
1310 0 66494
1320 0 66494
1330 0 66494
1340 0 66494
1350 0 66494
1360 0 66494
1370 0 66494
1380 0 66494
1390 0 66494
1400 0 66494
1410 0 66494
1420 0 66494
1430 0 66494
1440 0 66494
1450 0 66494
1460 0 66494
1470 0 66494
1480 0 66494
1490 0 66494
1500 0 66494
1507 0 66494
