0 2.3 23
10 4.6 69
20 4.7 116
30 1.3 129
40 0 129
50 9.5 224
60 23.2 456
70 22.9 685
80 18.8 873
90 20.9 1082
100 18.9 1271
110 22.1 1492
120 20.9 1701
130 19.6 1897
140 22.8 2125
150 20 2325
160 19.7 2522
170 17.5 2697
180 22.1 2918
190 19.6 3114
200 19.4 3308
210 19.7 3505
220 21.5 3720
230 21 3930
240 20.7 4137
250 22.9 4366
260 21.8 4584
270 20.6 4790
280 21.2 5002
290 21.7 5219
300 18.7 5406
310 19.8 5604
320 20.5 5809
330 22.8 6037
340 23.1 6268
350 18.8 6456
360 24.1 6697
370 21.1 6908
380 21.1 7119
390 22.9 7348
400 24 7588
410 20.6 7794
420 21.9 8013
430 17.5 8188
440 20.8 8396
450 21.9 8615
460 20.6 8821
470 21.6 9037
480 20 9237
490 19.4 9431
500 20.6 9637
510 20.7 9844
520 21.5 10059
530 21 10269
540 24.1 10510
550 18.1 10691
560 18.8 10879
570 19.9 11078
580 21.7 11295
590 20.7 11502
600 19.2 11694
610 23.7 11931
620 22.9 12160
630 19.8 12358
640 22.6 12584
650 16.5 12749
660 18.3 12932
670 21.4 13146
680 21 13356
690 19.8 13554
700 21.6 13770
710 20.2 13972
720 20.2 14174
730 18.7 14361
740 21.9 14580
750 20.9 14789
760 20.2 14991
770 18.8 15179
780 20.8 15387
790 20.3 15590
800 21 15800
810 21.1 16011
820 19.5 16206
830 21.9 16425
840 19.9 16624
850 22 16844
860 21.6 17060
870 22.1 17281
880 19.9 17480
890 21.1 17691
900 2.9 17720
910 0.7 17727
920 1.1 17738
930 0.2 17740
940 0.7 17747
950 0.3 17750
960 0.8 17758
970 0.5 17763
980 0.9 17772
990 0.4 17776
1000 0.7 17783
1010 0.3 17786
1020 0.7 17793
1030 0.5 17798
1040 0.7 17805
1050 0.2 17807
1060 0.5 17812
1070 0.7 17819
1080 1.1 17830
1090 0.4 17834
1100 0.6 17840
1110 0.3 17843
1120 0.9 17852
1130 0.4 17856
1140 0.8 17864
1150 0.5 17869
1160 0.5 17874
1170 0.5 17879
1180 1.2 17891
1190 0.5 17896
1200 0.4 17900
1210 0.3 17903
1220 1.2 17915
1230 13 18045
1240 18.4 18229
1250 19.7 18426
1260 11.7 18543
1270 2.2 18565
1280 1.5 18580
1290 0.5 18585
1300 0.4 18589
1310 0.7 18596
1320 0.9 18605
1330 0.5 18610
1340 0.6 18616
1350 0.3 18619
1360 0.8 18627
1370 0.6 18633
1380 0.6 18639
1390 0.2 18641
1400 0.7 18648
1410 0.7 18655
1420 0.6 18661
1430 0.7 18668
1440 0.5 18673
1450 0.8 18681
1460 0.4 18685
1470 0.6 18691
1480 1 18701
1490 0.3 18704
1500 0.2 18706
1507 0.1 18707
