0 19.8 318.1543636363636 921.4936774500098 4948.329 50.416 0 0
10 25.2 1580.9845833333327 3281.582709395051 11794.442 50.126 318.1543636363636 198
20 26.5 2934.1846113207557 6190.129011810428 19505.142 49.968 1025.3392866666663 450
30 24 1316.4189541666665 4586.827214832761 28622.941 49.441 1732.813427972028 715
40 21.1 680.4173270142186 2777.812995114744 29066.136 49.441 1628.169790575916 955
50 13.7 808.3177226277373 3892.4794373754007 46144.276 49.441 1456.6639845626073 1166
60 3.1 13828.253451612904 22807.27631258505 53187.163 49.441 1388.4955748273217 1303
70 1.2 21868.162250000005 30343.534794218554 66710.259 49.441 1677.5754055472264 1334
80 3 28240.953233333323 34047.018026910744 71802.206 49.441 1857.5806374442795 1346
90 0.3 587.8833333333333 225.15568500385584 71802.206 49.441 2432.799516715116 1376
100 2.2 46262.75009090908 45907.17558451411 96240.016 49.441 2428.7859209572152 1379
110 1.6 32022.799312499996 46960.095890618 103233.709 49.441 3117.113695217701 1401
120 1.9 47161.418210526324 55028.35287171645 115030.452 49.441 3443.5011122088918 1417
130 0.9 40150.11377777778 56216.23597598103 121839.947 49.441 4021.9415194986072 1436
140 0.7 74204.34357142857 63939.64094539074 133488.016 49.441 4246.961277508651 1445
150 2.3 61064.75060869567 69344.49346709142 145985.539 49.441 4584.221384986226 1452
160 1.9 63761.838947368415 74468.77299941318 155134.704 49.441 5464.934722033899 1475
170 0.8 60800.155375 78082.49968658443 164390.088 49.441 6206.327747657297 1494
180 0.7 49475.057714285715 77540.47152900207 172230.206 49.441 6497.10712250333 1502
190 2.3 78585.44530434783 89259.96767629034 182566.036 49.441 6696.4746865473835 1509
200 2.3 75064.20673913042 93292.42122007212 194146.925 49.441 7775.747744125328 1532
210 1.9 42662.94636842106 81676.4494541421 203198.903 49.441 8771.011124758843 1555
220 0.9 46786.502333333345 87025.27781083586 210851.412 49.441 9180.125972045744 1574
230 2.6 83887.27223076925 105795.82180032867 223100.236 49.441 9393.933544535692 1583
240 1.7 80622.1843529412 108798.41902161387 231299.729 49.441 10597.679228713487 1609
250 1 71422.6109 108466.76844644496 238241.887 49.441 11329.79275092251 1626
260 1.4 106475.12792857143 122667.68827359658 250627.823 49.441 11697.108265281175 1636
270 2.1 123008.08971428571 128763.01267423165 262131.723 49.441 12501.285401818182 1650
280 1.5 71617.21306666666 118138.18199729545 270920.339 49.441 13890.060321364454 1671
290 0.7 78970.80642857144 124470.71616208038 277901.089 49.441 14403.647089561091 1686
300 2.3 138172.3893913044 144030.69214402762 290604.743 49.441 14670.611126993503 1693
310 1.6 111756.82650000001 143961.3658560626 300958.903 49.441 16325.937991841492 1716
320 1.8 101850.67072222225 143548.53419524786 307538.644 49.441 17207.51663856813 1732
330 1.1 143981.0244545455 157427.76189587996 319742.053 49.441 18078.131937714286 1750
340 1.3 150719.5806153846 162400.8842601369 329596.501 49.441 18864.57817149347 1761
350 1.3 103800.13576923076 155053.31083180598 338757.545 49.441 19830.82114317926 1774
360 1.2 143056.13299999997 168828.69576890612 345011.107 49.441 20441.677936765533 1787
370 2.3 170150.92434782608 177361.43715238167 357060.107 49.441 21259.562017231798 1799
380 1.3 112297.52061538462 168053.29824360853 365492.816 49.441 23139.09074039517 1822
390 1.3 143541.75776923072 181257.03114801442 377739.457 49.441 23770.730843051773 1835
400 1.4 164147.51064285715 189079.7826719044 385364.055 49.441 24613.275945887446 1848
410 0.8 149006.78449999998 191792.56390794215 396763.469 49.441 25662.40553007519 1862
420 2.2 183981.93722727272 201271.8568332103 407345.27 49.441 26190.082017647062 1870
430 0.7 177458.1347142857 204403.13089713684 414977.744 49.441 28024.871031712475 1892
440 1.7 198953.4998235294 210715.999213816 427296.498 49.441 28575.70454713007 1899
450 1.1 78751.04945454546 166387.11973730402 435797.461 49.441 30087.407323590814 1916
460 2.2 182079.08099999998 218409.3886521522 446774.136 49.441 30365.196666320706 1927
470 2.5 126707.91080000006 202630.72378616635 455852.248 49.441 32077.718706003077 1949
480 1.7 135731.16547058825 209690.8312491543 462171.722 49.441 33276.1760526849 1974
490 0.7 200442.72185714287 231155.50700736506 467819.127 49.441 34150.98008086388 1991
500 1.5 192259.5034666667 235109.6582163635 482631.276 49.441 34733.58378078078 1998
510 2.2 223390.21622727273 244346.8271180534 493227.106 49.441 35907.3983835072 2013
520 1.3 76903.71684615385 179691.1611818206 502306.499 49.441 37934.239657493854 2035
530 1.1 231055.37754545454 252874.55118635908 511857.444 49.441 38181.60450292969 2048
540 2 234202.85079999996 258551.17425272916 522209.71 49.441 39212.01319815444 2059
550 1.4 226910.4198571429 261598.0350330928 531685.062 49.441 41087.826931697935 2079
560 1.1 147397.0110909091 240249.1183513002 540551.258 49.441 42330.78741949355 2093
570 2.2 249814.55095454547 273326.6271855842 552532.059 49.441 42880.088018536124 2104
580 2.2 202862.65259090907 267883.04384390166 561414.495 49.441 45021.46063593603 2126
590 0.9 190340.32444444447 268663.60240564425 571914.562 49.441 46638.083644785846 2148
600 0.6 287704.8205 287444.5315291099 575200.732 49.441 47237.67574826148 2157
610 1.5 274523.0764 293097.2071756239 591645.608 49.441 47904.71359778086 2163
620 4.7 101879.93206382981 224307.28915623605 598541.285 49.441 49465.44612396694 2178
630 18.8 413.67187234042524 190.54457316709525 598541.285 49.441 50572.6285235955 2225
640 17.7 478.74931073446345 270.2861536657459 598541.285 49.441 46664.67831620389 2413
650 20.9 408.61813875598074 209.71469985076746 598541.285 49.441 43508.34262741313 2590
660 11.9 737.0137058823527 546.1747358364561 598541.285 49.441 40290.106679528406 2799
670 2.3 206.72191304347828 65.94503308382839 598541.285 49.441 38677.07787080192 2918
680 2.2 294.5355 134.86658939476922 598541.285 49.441 38376.22163583815 2941
690 0.6 256.3541666666667 7.931273151616683 598541.285 49.441 38093.468650691866 2963
700 0.7 279.31142857142856 94.37908568088156 598541.285 49.441 38017.004289996636 2969
710 0.9 347.8648888888889 158.56082156380134 598541.285 49.441 37928.23955544356 2976
720 1.5 353.508 171.12014041096003 598541.285 49.441 37814.931893132336 2985
730 0.7 284.04042857142855 75.19689609258604 598541.285 49.441 37627.62477366668 3000
740 0.8 251.40837499999998 14.361123231989023 598541.285 49.441 37540.692585300974 3007
750 0.7 354.52457142857145 180.72162714348207 598541.285 49.441 37441.74921094529 3015
760 1.3 366.25530769230767 176.72271753028795 598541.285 49.441 37355.84233719393 3022
770 1 222.61509999999998 58.0699856491286 598541.285 49.441 37197.40259044483 3035
780 0.6 273.70966666666664 107.59077619335632 598541.285 49.441 37075.974716912984 3045
790 0.5 266.5312 9.352884740014709 598541.285 49.441 37003.6005476893 3051
800 0.9 336.73244444444447 162.28146126414038 598541.285 49.441 36943.49408606022 3056
810 1 509.11839999999995 231.1199287466142 598541.285 49.441 36836.002779445356 3065
820 0.8 365.51562500000006 206.67406504260364 598541.285 49.441 36717.86657008131 3075
830 0.7 262.071 7.179987146824944 598541.285 49.441 36623.53675900098 3083
840 0.9 261.68999999999994 10.429255124142093 598541.285 49.441 36541.164506472494 3090
850 0.9 257.93766666666664 13.338864286154372 598541.285 49.441 36435.80301226202 3099
860 0.8 309.72 158.77076934766677 598541.285 49.441 36331.040853925355 3108
870 1 380.6274 184.96185178690226 598541.285 49.441 36238.55992747112 3116
880 1 279.8096 70.57686191408628 598541.285 49.441 36123.851250159954 3126
890 0.7 251.45357142857145 11.686500378729342 598541.285 49.441 36009.552647959186 3136
900 0.1 271.626 0.0 598541.285 49.441 35929.9132290805 3143
910 0 0 0 598541.285 49.441 35918.571534669216 3144
920 0 0 0 598541.285 49.441 35918.571534669216 3144
930 0 0 0 598541.285 49.441 35918.571534669216 3144
940 0 0 0 598541.285 49.441 35918.571534669216 3144
950 0 0 0 598541.285 49.441 35918.571534669216 3144
960 0 0 0 598541.285 49.441 35918.571534669216 3144
970 0 0 0 598541.285 49.441 35918.571534669216 3144
980 0 0 0 598541.285 49.441 35918.571534669216 3144
990 0 0 0 598541.285 49.441 35918.571534669216 3144
1000 0 0 0 598541.285 49.441 35918.571534669216 3144
1010 0 0 0 598541.285 49.441 35918.571534669216 3144
1020 0 0 0 598541.285 49.441 35918.571534669216 3144
1030 0 0 0 598541.285 49.441 35918.571534669216 3144
1040 0 0 0 598541.285 49.441 35918.571534669216 3144
1050 0 0 0 598541.285 49.441 35918.571534669216 3144
1060 0 0 0 598541.285 49.441 35918.571534669216 3144
1070 0 0 0 598541.285 49.441 35918.571534669216 3144
1080 0 0 0 598541.285 49.441 35918.571534669216 3144
1090 0 0 0 598541.285 49.441 35918.571534669216 3144
1100 0 0 0 598541.285 49.441 35918.571534669216 3144
1110 0 0 0 598541.285 49.441 35918.571534669216 3144
1120 0 0 0 598541.285 49.441 35918.571534669216 3144
1130 0 0 0 598541.285 49.441 35918.571534669216 3144
1140 0 0 0 598541.285 49.441 35918.571534669216 3144
1150 0 0 0 598541.285 49.441 35918.571534669216 3144
1160 0 0 0 598541.285 49.441 35918.571534669216 3144
1170 0 0 0 598541.285 49.441 35918.571534669216 3144
1180 0 0 0 598541.285 49.441 35918.571534669216 3144
1190 0 0 0 598541.285 49.441 35918.571534669216 3144
1200 0 0 0 598541.285 49.441 35918.571534669216 3144
1210 0 0 0 598541.285 49.441 35918.571534669216 3144
1220 0 0 0 598541.285 49.441 35918.571534669216 3144
1230 0 0 0 598541.285 49.441 35918.571534669216 3144
1240 0 0 0 598541.285 49.441 35918.571534669216 3144
1250 0 0 0 598541.285 49.441 35918.571534669216 3144
1260 0 0 0 598541.285 49.441 35918.571534669216 3144
1270 0 0 0 598541.285 49.441 35918.571534669216 3144
1280 0 0 0 598541.285 49.441 35918.571534669216 3144
1290 0 0 0 598541.285 49.441 35918.571534669216 3144
1300 0 0 0 598541.285 49.441 35918.571534669216 3144
1310 0 0 0 598541.285 49.441 35918.571534669216 3144
1320 0 0 0 598541.285 49.441 35918.571534669216 3144
1330 0 0 0 598541.285 49.441 35918.571534669216 3144
1340 0 0 0 598541.285 49.441 35918.571534669216 3144
1350 0 0 0 598541.285 49.441 35918.571534669216 3144
1360 0 0 0 598541.285 49.441 35918.571534669216 3144
1370 0 0 0 598541.285 49.441 35918.571534669216 3144
1380 0 0 0 598541.285 49.441 35918.571534669216 3144
1390 0 0 0 598541.285 49.441 35918.571534669216 3144
1400 0 0 0 598541.285 49.441 35918.571534669216 3144
1410 0 0 0 598541.285 49.441 35918.571534669216 3144
1420 0 0 0 598541.285 49.441 35918.571534669216 3144
1430 0 0 0 598541.285 49.441 35918.571534669216 3144
1440 0 0 0 598541.285 49.441 35918.571534669216 3144
1450 0 0 0 598541.285 49.441 35918.571534669216 3144
1460 0 0 0 598541.285 49.441 35918.571534669216 3144
1470 0 0 0 598541.285 49.441 35918.571534669216 3144
1480 0 0 0 598541.285 49.441 35918.571534669216 3144
1490 0 0 0 598541.285 49.441 35918.571534669216 3144
1500 0 0 0 598541.285 49.441 35918.571534669216 3144
1507 0 0 0 598541.285 49.441 35918.571534669216 3144
