0 2.3 3973.0395217391306 2203.293077847297 7636.163 835.127 0 0
10 4.6 10484.224282608699 2530.641283919943 16631.968 835.127 3973.0395217391306 23
20 4.7 18666.52444680852 3061.7553900921407 25375.324 835.127 8313.829362318842 69
30 1.3 26895.054999999997 4933.42973328445 37013.28 835.127 12508.455818965522 116
40 0 0 0 37013.28 835.127 13958.268139534886 129
50 9.5 3507.8129578947355 7319.298386854938 50641.549 64.98 13958.268139534886 129
60 23.2 3356.152262931033 10668.490493441144 59048.212 64.98 9526.155450892857 224
70 22.9 2279.6106550218333 9759.12404129235 67212.577 64.98 6387.0310219298235 456
80 18.8 5137.763718085106 17866.540302133253 77709.404 64.98 5013.893410218978 685
90 20.9 1121.1874019138756 8930.541517986208 91420.869 64.98 5040.568802978235 873
100 18.9 4706.34335449735 20393.718318049574 101054.119 64.98 4283.4979038817 1082
110 22.1 2575.719063348416 15403.721455661807 104159.927 64.98 4346.3757875688425 1271
120 20.9 4683.632593301437 22140.183454157916 122844.447 64.98 4084.1002272117958 1492
130 19.6 2204.0687244897968 14902.60912096759 122844.447 64.98 4157.764109935331 1701
140 22.8 2406.165412280704 17503.102657245214 135480.291 64.98 3955.9062841328405 1897
150 20 8691.029255000003 34153.74461328641 154593.356 64.98 3789.6282047058817 2125
160 19.7 4933.48949746193 26967.357651318798 163133.414 64.98 4211.254101505376 2325
170 17.5 3430.8621542857136 21529.722106091955 169204.35 64.98 4267.6697926249 2522
180 22.1 1830.2543076923055 17089.131752199803 184126.346 64.98 4213.371929551353 2697
190 19.6 9558.933698979592 40686.31653513437 191104.471 64.98 4032.882212474297 2918
200 19.4 9431.590128865979 40735.44581797201 198830.248 64.98 4380.7004820166985 3114
210 19.7 4559.871791878171 29088.061421494316 209780.095 64.98 4676.913478234583 3308
220 21.5 2468.6553581395337 20470.31423615219 213496.695 64.954 4670.335100998574 3505
230 21 10734.315352380954 46933.98941422913 227671.11 64.954 4543.087481451614 3720
240 20.7 7107.124492753621 38848.72305902614 239726.831 64.909 4873.916451653944 3930
250 22.9 4490.658432314411 31679.525097392358 249450.057 64.909 4985.65782571912 4137
260 21.8 6040.152426605501 37926.16738658309 263551.889 64.866 4959.694733394412 4366
270 20.6 13017.239043689315 56652.491728558634 272726.21 64.866 5011.077756326352 4584
280 21.2 5327.113108490562 36914.683209572926 281508.489 64.866 5355.392834655531 4790
290 21.7 2938.483414746543 27037.225332996175 285843.363 64.866 5354.19425369852 5002
300 18.7 17507.519390374327 69320.53537344623 303712.482 64.798 5253.751783483425 5219
310 19.8 9309.229888888893 51699.118811397755 303712.482 64.798 5677.624247872733 5406
320 20.5 9416.389443902444 52419.087050341266 319434.724 64.798 5805.935796216986 5604
330 22.8 7287.3947499999995 47136.79831808032 328670.237 64.798 5933.348947839557 5809
340 23.1 8692.611601731598 52559.97575750432 337780.037 64.798 5984.487334934568 6037
350 18.8 7466.749063829792 48815.6517629008 340038.766 64.798 6084.2921699106555 6268
360 24.1 7397.212298755195 49723.182691556314 360946.291 64.573 6124.549588754645 6456
370 21.1 19039.900308056887 80409.63607040732 375897.228 64.573 6170.3479631178125 6697
380 21.1 7132.694322274883 50038.33550144339 375897.228 64.573 6563.439385350318 6908
390 22.9 8491.60722707424 54831.20250235516 379078.715 64.573 6580.311529147351 7119
400 24 9846.323320833337 60452.11715048496 393364.935 64.573 6639.8769503266185 7348
410 20.6 5972.430922330095 48034.65523084517 403399.434 64.573 6741.293282551396 7588
420 21.9 18725.87086301369 85308.75085756624 417553.546 64.573 6720.971798562997 7794
430 17.5 7372.703028571427 53987.89429722316 417572.959 64.573 7049.07274641208 8013
440 20.8 16483.013413461533 81821.27572294428 431145.441 64.573 7055.9896124816805 8188
450 21.9 4270.676232876716 41604.67754176247 438144.786 64.573 7289.531888637446 8396
460 20.6 19878.525791262142 91551.36085858992 452410.318 64.573 7212.790230063842 8615
470 21.6 15024.35275925926 80866.00850173624 465016.623 64.573 7508.577728715564 8821
480 20 12118.68093 72759.0003167017 468797.614 64.573 7688.217809118069 9037
490 19.4 10284.352020618564 67307.98513061918 478755.196 64.573 7784.1464249215105 9237
500 20.6 11898.618946601933 74503.90017192968 489808.038 64.573 7835.576801929805 9431
510 20.7 26509.247797101467 111094.11971008332 502460.059 64.573 7922.428174950709 9637
520 21.5 5017.182218604651 48456.751518466095 507288.732 64.573 8313.272512799673 9844
530 21 9969.440400000005 70438.02457032954 519500.132 64.573 8242.822228153891 10059
540 24.1 19937.653950207477 100014.51129443113 538567.711 64.573 8278.131393222318 10269
550 18.1 17862.874198895028 95011.46875519524 538567.711 64.573 8545.490568886773 10510
560 18.8 8953.142446808515 67754.14319283389 541104.546 64.573 8703.23506772051 10691
570 19.9 27912.323683417093 121056.305892485 561161.212 64.573 8707.553717161501 10879
580 21.7 21060.248880184343 105447.85064768881 563933.815 64.461 9052.53920400794 11078
590 20.7 8492.18564251208 68330.04386772284 574683.669 64.461 9283.231811332445 11295
600 19.2 9229.568796875 72185.91506007419 587725.595 64.461 9268.995456181532 11502
610 23.7 17509.77819831225 99836.60971450026 594057.842 64.461 9268.348122626987 11694
620 22.9 124148.99893886459 244082.98125828264 616007.827 64.461 9432.057696672531 11931
630 19.8 604926.4221111111 4497.635770024268 626286.482 64.461 11592.434303947364 12160
640 22.6 605818.9495575217 4722.929884779163 627795.1 64.461 21098.837410098717 12358
650 16.5 604952.3892303035 4198.961412706172 627795.1 64.461 31600.00916354099 12584
660 18.3 75077.21626775953 196687.84779893613 627795.1 64.461 39020.44548882265 12749
670 21.4 22152.963514018673 107530.13887095512 627795.1 64.461 39530.682811166094 12932
680 21 38102.40902380955 144941.10974749376 627795.1 64.461 39247.795854708645 13146
690 19.8 3644.9130404040434 42746.40402461098 627795.1 64.461 39229.78662780771 13356
700 21.6 16943.190393518522 98981.34315762059 627795.1 64.461 38709.95447712851 13554
710 20.2 21029.719841584163 110293.01451928087 627795.1 64.461 38368.51504052286 13770
720 20.2 30140.57159900989 130799.91484587557 627795.1 64.461 38117.83964471799 13972
730 18.7 13096.162262032078 86974.93758456569 627795.1 64.461 38004.15203746294 14174
740 21.9 11270.109963470328 80936.93650244834 627795.1 64.461 37679.81570378106 14361
750 20.9 20421.542918660278 108431.24312303444 627795.1 64.461 37283.12670809327 14580
760 20.2 21185.201316831713 110542.25547600248 627795.1 64.461 37044.83669443504 14789
770 18.8 19517.842765957444 105939.09233781777 627795.1 64.461 36831.13204856246 14991
780 20.8 6037.588375000005 58725.4657126209 627795.1 64.461 36616.69773898148 15179
790 20.3 17861.355073891624 101961.88122395962 627795.1 64.461 36203.33225203093 15387
800 21 17369.86379999998 100274.4368782648 627795.1 64.461 35964.49829647209 15590
810 21.1 25798.64799052133 121774.28344324302 627795.1 64.461 35717.354420253156 15800
820 19.5 15643.457682051276 95204.40008255372 627795.1 64.461 35586.64134445068 16011
830 21.9 13917.08400000001 89868.00013528582 627795.1 64.461 35346.67338109342 16206
840 19.9 24307.52926130656 118446.08872723655 627795.1 64.461 35060.94552267884 16425
850 22 13986.238336363636 89840.62131061249 627795.1 64.461 34932.22019568094 16624
860 21.6 19577.9917175926 106611.12787193047 627795.1 64.461 34658.64408495606 16844
870 22.1 14025.118049773755 89569.15091731194 627795.1 64.461 34467.70499284876 17060
880 19.9 21371.27742211055 110993.03017397606 627795.1 64.461 34206.272684856194 17281
890 21.1 14504.581246445494 91692.6133976497 627795.1 64.461 34060.15345961098 17480
900 2.9 83410.58010344827 207310.9936532666 627795.1 64.461 33826.91476553049 17691
910 0.7 603206.7097142857 1450.1265800042295 627795.1 64.461 33908.06184762979 17720
920 1.1 603907.838909091 3514.663533133385 627795.1 64.461 34132.8652850454 17727
930 0.2 601456.5360000001 29.483999999967637 627795.1 64.461 34486.20414567595 17738
940 0.7 601944.3654285716 945.6464297966486 627795.1 64.461 34550.12413799323 17740
950 0.3 603008.9523333334 2465.3604083763234 627795.1 64.461 34773.9230724066 17747
960 0.8 602718.3486249999 1363.2295376094196 627795.1 64.461 34869.962795661966 17750
970 0.5 601408.6730000002 555.2176178563054 627795.1 64.461 35125.779164996056 17758
980 0.9 603672.5607777777 3004.0839439965966 627795.1 64.461 35285.178729775376 17763
990 0.4 601384.03775 730.638047490816 627795.1 64.461 35573.01838982669 17772
1000 0.7 603210.6977142857 1048.2984936320968 627795.1 64.461 35700.33860120387 17776
1010 0.3 602153.0376666667 1338.1390789643713 627795.1 64.461 35923.73018382724 17783
1020 0.7 602362.4307142857 1374.9513704220924 627795.1 64.461 36019.23720746654 17786
1030 0.5 605320.0722 4046.105120290366 627795.1 64.461 36242.04406154105 17793
1040 0.7 602175.2278571429 1597.3749677130136 627795.1 64.461 36401.915403303734 17798
1050 0.2 601937.013 446.99599999995553 627795.1 64.461 36624.34804509968 17805
1060 0.5 602545.4758 956.91842336919 627795.1 64.461 36687.841352782605 17807
1070 0.7 603022.4444285714 994.9742483267338 627795.1 64.461 36846.68304221872 17812
1080 1.1 602761.1026363636 2098.00535281344 627795.1 64.461 37069.0990212133 17819
1090 0.4 601750.39325 1239.3210179474074 627795.1 64.461 37418.095770499145 17830
1100 0.6 601409.4723333333 1079.307149244474 627795.1 64.461 37544.67024565435 17834
1110 0.3 603188.4713333333 1638.4047829587491 627795.1 64.461 37734.31087415917 17840
1120 0.9 602535.9067777777 1099.7355963620053 627795.1 64.461 37829.38246982008 17843
1130 0.4 601607.5364999999 1329.831353491163 627795.1 64.461 38114.076549966376 17852
1140 0.8 602749.060875 3413.8903287549106 627795.1 64.461 38240.30716375446 17856
1150 0.5 603176.5686 1650.744813720943 627795.1 64.461 38493.11000912448 17864
1160 0.5 603057.7851999999 1271.9133739981785 627795.1 64.461 38651.11646124572 17869
1170 0.5 603573.4792000002 2942.571310306428 627795.1 64.461 38809.00128521874 17874
1180 1.2 602359.1455833333 1522.3079560593417 627795.1 64.461 38966.942019576025 17879
1190 0.5 603054.5216 1430.0662543021406 627795.1 64.461 39344.8251140238 17891
1200 0.4 602925.6005000001 1336.665076672789 627795.1 64.461 39502.321117735795 17896
1210 0.3 602196.6156666667 945.6393896845256 627795.1 64.461 39628.22576117317 17900
1220 1.2 601991.0356666665 1417.617610091964 627795.1 64.461 39722.49516684353 17903
1230 13 603379.0346384615 2405.2575140534063 627795.1 64.461 40099.119363661724 17915
1240 18.4 605101.3407608698 3816.086167845031 627795.1 64.461 44157.10711571071 18045
1250 19.7 605144.5866802031 5098.305169706512 628816.585 64.461 49819.16970777332 18229
1260 11.7 604869.678769231 3857.9659599935253 628816.585 64.461 55756.38381520676 18426
1270 2.2 604850.0919090911 4278.636467905438 628816.585 64.461 59221.1012562692 18543
1280 1.5 602442.0054 1421.736614793103 628816.585 64.461 59867.68557053595 18565
1290 0.5 602103.7167999999 852.1593117436429 628816.585 64.461 60305.716506889126 18580
1300 0.4 602334.8497499999 1044.0994553339863 628816.585 64.461 60451.47868076406 18585
1310 0.7 602419.9558571428 1290.5552951256032 628816.585 64.461 60568.08169783205 18589
1320 0.9 603867.8554444443 2956.4089748499355 628816.585 64.461 60772.04830995913 18596
1330 0.5 602663.6555999999 1541.7771257184831 628816.585 64.461 61034.765980704105 18605
1340 0.6 602012.3610000001 1299.3162575895828 628816.585 64.461 61180.28690752284 18610
1350 0.3 601146.3283333333 939.5542703233691 628816.585 64.461 61354.598921089375 18616
1360 0.8 602363.720125 1618.93746044731 628816.585 64.461 61441.57325849937 18619
1370 0.6 603416.8238333332 2127.415342281156 628816.585 64.461 61673.89071031297 18627
1380 0.6 602604.4644999999 1260.8641822365034 628816.585 64.461 61848.336993720804 18633
1390 0.2 602249.0115 246.1195000000298 628816.585 64.461 62022.409463544165 18639
1400 0.7 602561.8964285713 1244.240517929412 628816.585 64.461 62080.370581728435 18641
1410 0.7 603265.7465714285 1300.2001423727208 628816.585 64.461 62283.25403737665 18648
1420 0.6 605086.388 4279.479596699731 628816.585 64.461 62486.24934414365 18655
1430 0.7 602513.1714285715 1109.0868941702786 628816.585 64.461 62660.70949268527 18661
1440 0.5 602322.0947999998 1905.327467447804 628816.585 64.461 62863.13970661024 18668
1450 0.8 602671.199125 1353.2929559841584 628816.585 64.461 63007.588631553575 18673
1460 0.4 603140.38075 982.7676636838745 628816.585 64.461 63238.695578930456 18681
1470 0.6 602666.8898333332 1886.6657589244735 628816.585 64.461 63354.27528140219 18685
1480 1 602594.6061 1499.393497573868 628816.585 64.461 63527.40008410464 18691
1490 0.3 602029.0956666666 956.2281880856094 628816.585 64.461 63815.65590251858 18701
1500 0.2 603241.515 2500.4529999999795 628816.585 64.461 63901.981839178785 18704
1507 0.1 614994.098 0.0 628816.585 64.461 63959.64670961189 18706
