0 85.28984375 85.28984375
10 123.94453125 209.234375
20 132.1203125 341.3546875
30 134.94296875 476.29765625
40 139.56171875 615.859375
50 96.14296875 712.00234375
60 14.6890625 726.69140625
70 4.68515625 731.3765625
80 9.39765625 740.77421875
90 1.084375 741.85859375
100 4.92734375 746.7859375
110 5.3421875 752.128125
120 6.56171875 758.68984375
130 2.9734375 761.66328125
140 2.29765625 763.9609375
150 5.796875 769.7578125
160 5.3359375 775.09375
170 3.778125 778.871875
180 1.7140625 780.5859375
190 5.41328125 785.99921875
200 6.51875 792.51796875
210 6.140625 798.65859375
220 3.628125 802.28671875
230 5.65546875 807.9421875
240 5.72578125 813.66796875
250 3.609375 817.27734375
260 4.2328125 821.51015625
270 4.9796875 826.48984375
280 5.28984375 831.7796875
290 2.76484375 834.54453125
300 4.74609375 839.290625
310 5.10234375 844.39296875
320 7.18515625 851.578125
330 2.6234375 854.2015625
340 4.67265625 858.87421875
350 2.59609375 861.4703125
360 4.83515625 866.30546875
370 4.77109375 871.0765625
380 5.6796875 876.75625
390 3.440625 880.196875
400 4.65390625 884.85078125
410 2.34375 887.19453125
420 5.56328125 892.7578125
430 2.93984375 895.69765625
440 5.10234375 900.8
450 2.6296875 903.4296875
460 4.9859375 908.415625
470 6.95859375 915.37421875
480 7.17890625 922.553125
490 2.54375 925.096875
500 4.50390625 929.60078125
510 3.5515625 933.15234375
520 6.53671875 939.6890625
530 2.9734375 942.6625
540 5.75703125 948.41953125
550 3.86171875 952.28125
560 3.83671875 956.11796875
570 4.76484375 960.8828125
580 8.0421875 968.925
590 2.9984375 971.9234375
600 2.70625 974.6296875
610 3.03203125 977.66171875
620 14.04921875 991.7109375
630 95.49765625 1087.20859375
640 113.5765625 1200.78515625
650 130.6921875 1331.47734375
660 71.86875 1403.34609375
670 14.61640625 1417.9625
680 10.59453125 1428.55703125
690 3.38828125 1431.9453125
700 3.434375 1435.3796875
710 4.64140625 1440.02109375
720 7.04375 1447.06484375
730 3.621875 1450.68671875
740 3.85546875 1454.5421875
750 2.8046875 1457.346875
760 6.5890625 1463.9359375
770 4.7 1468.6359375
780 3.790625 1472.4265625
790 1.94765625 1474.37421875
800 4.8625 1479.23671875
810 5.10234375 1484.3390625
820 4.2390625 1488.578125
830 4.4203125 1492.9984375
840 4.0765625 1497.075
850 5.30859375 1502.38359375
860 3.04453125 1505.428125
870 5.13359375 1510.56171875
880 6.309375 1516.87109375
890 2.8109375 1519.68203125
900 1.05078125 1520.7328125
910 0.40859375 1521.14140625
920 0 1521.14140625
930 0 1521.14140625
940 0 1521.14140625
950 0 1521.14140625
960 0 1521.14140625
970 0 1521.14140625
980 0 1521.14140625
990 0 1521.14140625
1000 0 1521.14140625
1010 0 1521.14140625
1020 0 1521.14140625
1030 0 1521.14140625
1040 0 1521.14140625
1050 0 1521.14140625
1060 0 1521.14140625
1070 0 1521.14140625
1080 0 1521.14140625
1090 0 1521.14140625
1100 0 1521.14140625
1110 0 1521.14140625
1120 0 1521.14140625
1130 0 1521.14140625
1140 0 1521.14140625
1150 0 1521.14140625
1160 0 1521.14140625
1170 0 1521.14140625
1180 0 1521.14140625
1190 0 1521.14140625
1200 0 1521.14140625
1210 0 1521.14140625
1220 0 1521.14140625
1230 0 1521.14140625
1240 0 1521.14140625
1250 0 1521.14140625
1260 0 1521.14140625
1270 0 1521.14140625
1280 0 1521.14140625
1290 0 1521.14140625
1300 0 1521.14140625
1310 0 1521.14140625
1320 0 1521.14140625
1330 0 1521.14140625
1340 0 1521.14140625
1350 0 1521.14140625
1360 0 1521.14140625
1370 0 1521.14140625
1380 0 1521.14140625
1390 0 1521.14140625
1400 0 1521.14140625
1410 0 1521.14140625
1420 0 1521.14140625
1430 0 1521.14140625
1440 0 1521.14140625
1450 0 1521.14140625
1460 0 1521.14140625
1470 0 1521.14140625
1480 0 1521.14140625
1490 0 1521.14140625
1500 0 1521.14140625
1507 0 1521.14140625
