0 173.7234375 173.7234375
10 204.721875 378.4453125
20 217.08203125 595.52734375
30 220.1953125 815.72265625
40 199.16171875 1014.884375
50 129.53046875 1144.41484375
60 23.66171875 1168.0765625
70 8.503125 1176.5796875
80 19.8046875 1196.384375
90 2.85234375 1199.23671875
100 12.925 1212.16171875
110 11.5796875 1223.74140625
120 12.25234375 1235.99375
130 6.37734375 1242.37109375
140 3.74921875 1246.1203125
150 14.60234375 1260.72265625
160 12.25234375 1272.975
170 5.4265625 1278.4015625
180 5.20234375 1283.60390625
190 14.60234375 1298.20625
200 15.32890625 1313.53515625
210 15.15859375 1328.69375
220 7.10390625 1335.79765625
230 17.4546875 1353.25234375
240 11.80390625 1365.05625
250 7.328125 1372.384375
260 8.9515625 1381.3359375
270 12.70078125 1394.03671875
280 11.35546875 1405.3921875
290 5.20234375 1410.59453125
300 13.87578125 1424.4703125
310 10.853125 1435.3234375
320 12.7546875 1448.078125
330 6.82578125 1454.90390625
340 8.00078125 1462.9046875
350 9.45390625 1472.35859375
360 7.7765625 1480.13515625
370 13.87578125 1494.0109375
380 9.45390625 1503.46484375
390 8.72734375 1512.1921875
400 8.9515625 1521.14375
410 5.4265625 1526.5703125
420 13.6515625 1540.221875
430 4.47578125 1544.69765625
440 10.35078125 1555.0484375
450 9.00546875 1564.05390625
460 14.378125 1578.43203125
470 18.68359375 1597.115625
480 12.53046875 1609.64609375
490 4.47578125 1614.121875
500 9.90234375 1624.02421875
510 13.6515625 1637.67578125
520 10.90703125 1648.5828125
530 6.82578125 1655.40859375
540 12.4765625 1667.88515625
550 8.9515625 1676.83671875
560 8.27890625 1685.115625
570 13.6515625 1698.7671875
580 15.1046875 1713.871875
590 6.37734375 1720.24921875
600 3.525 1723.77421875
610 9.17578125 1732.95
620 38.87421875 1771.82421875
630 178.746875 1950.57109375
640 168.28828125 2118.859375
650 198.71328125 2317.57265625
660 113.14296875 2430.715625
670 21.86796875 2452.58359375
680 20.9171875 2473.50078125
690 5.7046875 2479.20546875
700 6.65546875 2485.8609375
710 8.55703125 2494.41796875
720 14.26171875 2508.6796875
730 6.65546875 2515.33515625
740 7.60625 2522.94140625
750 6.65546875 2529.596875
760 12.36015625 2541.95703125
770 9.5078125 2551.46484375
780 5.7046875 2557.16953125
790 4.75390625 2561.9234375
800 8.55703125 2570.48046875
810 9.5078125 2579.98828125
820 7.60625 2587.59453125
830 6.65546875 2594.25
840 8.55703125 2602.80703125
850 8.55703125 2611.3640625
860 7.60625 2618.9703125
870 9.5078125 2628.478125
880 9.5078125 2637.9859375
890 6.65546875 2644.64140625
900 0.95078125 2645.5921875
910 0 2645.5921875
920 0 2645.5921875
930 0 2645.5921875
940 0 2645.5921875
950 0 2645.5921875
960 0 2645.5921875
970 0 2645.5921875
980 0 2645.5921875
990 0 2645.5921875
1000 0 2645.5921875
1010 0 2645.5921875
1020 0 2645.5921875
1030 0 2645.5921875
1040 0 2645.5921875
1050 0 2645.5921875
1060 0 2645.5921875
1070 0 2645.5921875
1080 0 2645.5921875
1090 0 2645.5921875
1100 0 2645.5921875
1110 0 2645.5921875
1120 0 2645.5921875
1130 0 2645.5921875
1140 0 2645.5921875
1150 0 2645.5921875
1160 0 2645.5921875
1170 0 2645.5921875
1180 0 2645.5921875
1190 0 2645.5921875
1200 0 2645.5921875
1210 0 2645.5921875
1220 0 2645.5921875
1230 0 2645.5921875
1240 0 2645.5921875
1250 0 2645.5921875
1260 0 2645.5921875
1270 0 2645.5921875
1280 0 2645.5921875
1290 0 2645.5921875
1300 0 2645.5921875
1310 0 2645.5921875
1320 0 2645.5921875
1330 0 2645.5921875
1340 0 2645.5921875
1350 0 2645.5921875
1360 0 2645.5921875
1370 0 2645.5921875
1380 0 2645.5921875
1390 0 2645.5921875
1400 0 2645.5921875
1410 0 2645.5921875
1420 0 2645.5921875
1430 0 2645.5921875
1440 0 2645.5921875
1450 0 2645.5921875
1460 0 2645.5921875
1470 0 2645.5921875
1480 0 2645.5921875
1490 0 2645.5921875
1500 0 2645.5921875
1507 0 2645.5921875
