0 2 2645.8588499999996 1542.7382340758356 4948.499 273.948 0 0
10 4.8 8061.348208333333 2159.047422698375 11794.577 273.948 2645.8588499999996 20
20 4.8 15947.48827083333 2178.000315268178 19505.229 273.948 6468.5572205882345 68
30 1.1 22040.683818181817 2812.4810283348443 28623.038 273.948 10390.873517241376 116
40 0.2 29003.4405 62.79249999999956 29066.233 273.948 11399.912204724407 127
50 2.5 1907.0728799999997 9029.917059488173 46144.451 63.109 11672.835124031006 129
60 3.8 11102.318815789477 21377.230771140486 53187.315 32.661 10087.484110389607 154
70 1.8 14428.852444444445 26913.798522192665 66710.44 0.301 10288.336812499998 192
80 1.9 44185.01931578947 33720.347846050216 71802.342 0.301 10643.23815238095 210
90 0.3 36.24866666666667 25.008168216715823 71802.342 0.301 13426.180694323142 229
100 1.2 84459.59791666667 25571.417996808104 96240.099 0.301 13253.035021551723 232
110 0.8 63555.77575000001 49212.36919865748 103233.873 0.301 16754.997131147542 244
120 1.2 74450.05425 52662.314930257344 115030.611 0.301 18240.736134920637 252
130 0.8 44888.096 57911.55873517074 121840.158 0.301 20795.705140151513 264
140 0.4 129552.48500000002 2553.8141952554993 133488.192 0.301 21504.30487132353 272
150 1 140103.0392 2733.567595830643 145985.723 0.301 23070.220525362318 276
160 1 120834.29440000001 60499.70353413198 155134.884 0.301 27162.277122377618 286
170 0.9 53890.286555555555 76165.26404332057 164390.278 0.301 30326.872300675666 296
180 0.5 68837.6724 84294.6239876332 172230.34 0.301 31022.186163934417 305
190 1.2 150303.9270833333 67201.85260713295 182566.22 0.301 31632.113361290314 310
200 1.6 107669.80575000003 94964.2338464479 194147.083 0.301 36054.66542546583 322
210 1.1 73057.50245454545 96585.80755543639 203199.051 0.301 39444.73123964496 338
220 0.8 52434.049375 90737.49458082397 210851.59 0.301 40504.15955873925 349
230 1.5 145133.78206666664 102637.8531679209 223100.422 0.301 40771.49602521008 357
240 1.2 113991.41408333332 113944.58868157287 231299.791 0.301 44979.6527204301 372
250 0.5 142276.3884 116144.88830849262 238242.057 0.301 47136.27026302082 384
260 1.1 135345.31781818182 123538.15804059664 250627.976 0.301 48359.150958868886 389
270 1.2 215039.72258333335 96187.33827900249 262131.856 0.301 50751.27054749999 400
280 0.8 133777.43025 133749.67945193953 270920.47 0.301 55536.371092233 412
290 0.7 78825.20371428572 124562.88987791483 277901.243 0.301 57026.676980952376 420
300 1.2 264548.02425 79796.82593634086 290604.906 0.301 57384.029878220135 427
310 1 178574.48309999998 145788.5216658902 300959.11 0.192 63046.82699088838 439
320 1.2 152442.66033333336 152416.34630725734 307538.779 0.192 65619.82601336302 449
330 0.8 197778.529 153184.3740888992 319742.186 0.192 67879.8564078091 461
340 0.7 279537.9724285715 114133.23553998453 329596.719 0.192 70095.61201705756 469
350 0.7 192237.6924285714 166441.30009156794 338757.713 0.192 73175.64672899159 476
360 0.7 244878.60128571428 154854.24083455573 345011.249 0.192 74901.18362318841 483
370 1.2 325780.17525000003 98234.56691569273 357060.278 0.192 77329.43244693876 490
380 0.7 208237.4577142857 180295.10095821784 365493.01 0.192 83268.49402788845 502
390 1 186416.9375 186398.98767688283 377739.655 0.192 84987.12417681729 509
400 0.9 254988.4828888889 180297.59365942318 385364.289 0.192 86941.45584007708 519
410 0.5 237978.65899999999 194282.92262194995 396763.653 0.192 89805.89380113636 528
420 1 404458.40839999996 2196.1429832751646 407345.443 0.192 91195.88221763603 533
430 0.6 206750.00716666668 206732.60298888164 414977.895 0.192 96964.98951381216 543
440 1 337960.3791 168982.61410391412 427296.66 0.192 98164.8257723133 549
450 0.6 143913.85816666667 203503.60552241304 435797.624 0.192 102454.54944543829 559
460 1.5 266763.3043333333 217773.48202886956 446774.266 0.192 102894.82529026548 565
470 1.1 287413.4005454545 217251.42399070013 455852.439 0.192 107132.80319655171 580
480 1.4 164525.45292857147 220668.1597863785 462171.901 0.192 110488.27962774958 591
490 0.9 155809.11666666673 220298.51285394814 467819.223 0.192 111738.72661322316 605
500 0.8 360156.377 207937.21989926122 482631.456 0.192 112384.70952931598 614
510 1.3 377744.3962307693 206882.9813359855 493227.265 0.192 115571.48338745983 622
520 0.9 110775.9088888889 207149.41835202443 502306.712 0.192 120938.80286299216 635
530 0.6 423382.3688333333 189357.74940475324 511857.602 0.192 120796.77484161494 644
540 1.1 425490.1667272726 200574.83668702052 522209.895 0.192 123589.87263230773 650
550 0.9 352667.8934444444 249340.05437437637 531685.236 0.192 128613.93198941 661
560 0.8 202423.58525 261270.4873559834 540551.448 0.192 131623.61206865674 670
570 1 549218.0728999999 3467.3004807981442 552532.248 0.192 132459.00998230092 678
580 1.6 278642.46631249995 278596.26273290574 561414.613 0.192 138516.55450145353 688
590 0.6 285170.5843333333 285117.5294652353 571914.666 0.192 141701.23431534093 704
600 0.4 431378.08625000005 249019.32809471403 575200.844 0.192 142913.6513577465 710
610 0.8 514375.36137500004 194414.96875838318 591645.812 0.192 144529.69861204483 714
620 4.5 586180.5787555556 88370.53525145602 600031.031 0.192 148627.71149584488 722
630 19.8 600100.545939394 73.55955276258327 600244.018 0.192 174299.00097001303 767
640 22.5 600128.9521688886 68.46432352709613 600256.022 0.192 261665.53558549227 965
650 16.8 600130.7563095235 66.96739419636494 600269.55 0.192 325660.71939327725 1190
660 6.4 215716.74165625006 287925.22122719244 600269.55 0.192 359615.77550662734 1358
670 4.5 93408.08673333336 217490.30800747802 600269.55 0.192 353139.3070351617 1422
680 2.8 278654.34071428573 299258.8327571197 600269.55 0.192 345172.0916884799 1467
690 0.8 75049.367125 198430.49903885057 600269.55 0.192 343926.27427892975 1495
700 0.9 400117.0264444445 282897.42794795346 600269.55 0.192 342495.1264031936 1503
710 0.8 525103.328 198458.00767820442 600269.55 0.192 342838.11390343914 1512
720 1.4 428670.86142857146 271090.752128249 600297.626 0.192 343797.40450394736 1520
730 0.8 300077.669125 300022.37532465026 600297.626 0.192 344571.99928683176 1534
740 0.8 300071.06887500006 300045.63952825754 600297.626 0.192 344341.1597010375 1542
750 0.9 466773.2515555555 249465.3056886102 600297.626 0.192 344112.6689096773 1550
760 1 360122.4211999999 293991.6582995631 600297.626 0.192 344820.7800346375 1559
770 1 420124.3193 274999.71006734675 600297.626 0.192 344918.3048349266 1569
780 0.8 150070.21875 259838.1508491137 600297.626 0.192 345394.59371690935 1579
790 0.5 600168.3044 63.137439544480294 600297.626 0.192 344409.9717889098 1587
800 0.9 466771.1051111111 249499.34930490353 600297.626 0.192 345213.2328837938 1592
810 0.9 533475.9344444444 188588.96280436812 600297.626 0.192 345896.56883010606 1601
820 0.8 375121.797875 290551.2134552249 600297.626 0.192 346945.14913478243 1610
830 0.8 450109.52900000004 259851.95875727414 600297.626 0.192 347084.4650741655 1618
840 0.8 600135.3073750001 65.61339524810933 600297.626 0.192 347591.35345756443 1626
850 0.8 375067.72862500005 290525.5002386799 600297.626 0.192 348827.79876438173 1634
860 0.9 466727.7313333333 249467.45338608162 600297.626 0.192 348955.64251522516 1642
870 0.9 266751.21266666666 298184.9521937238 600297.626 0.192 349597.6466335553 1651
880 1.1 436476.7899090909 267247.90350931435 600297.626 0.192 349148.4792204818 1660
890 0.7 342955.9822857142 296961.60984998173 600297.626 0.192 349723.3514033512 1671
900 0.6 500080.82683333335 223642.44088298656 600297.626 0.192 349695.12042371865 1678
910 0.7 600101.7822857143 61.045720661315784 600297.626 0.192 350230.93647980987 1684
920 1.1 600161.0900909092 65.94142061839048 600297.626 0.192 351265.2924352453 1691
930 0.2 600152.6055000001 3.5534999999508727 600297.626 0.192 352873.9021733254 1702
940 0.7 600079.493 33.99240247888029 600297.626 0.192 353164.13539319235 1704
950 0.3 600176.344 19.651039887617447 600297.626 0.192 354174.30927001743 1711
960 0.8 600115.9555 62.82399387573284 600297.626 0.192 354604.8845933487 1714
970 0.5 600099.477 68.73710927006775 600297.626 0.192 355745.47028861777 1722
980 0.9 600163.4797777778 78.1277123415544 600297.626 0.192 356452.9225373479 1727
990 0.4 600133.5417500001 72.9245366573326 600297.626 0.192 357716.39892857126 1736
1000 0.7 600147.5791428572 78.71376555853854 600297.626 0.192 358273.6797166665 1740
1010 0.3 600161.7576666666 33.44698078387921 600297.626 0.192 359242.83672638796 1747
1020 0.6 600061.0056666665 29.41606079257994 600297.626 0.192 359655.840590857 1750
1030 0.6 600097.0591666666 67.69127169585317 600297.626 0.192 360477.2705398632 1756
1040 0.6 600100.3825 50.42444098760417 600297.626 0.192 361293.22895743465 1762
1050 0.3 600071.6826666667 14.17471256226957 600297.626 0.192 362103.6604739818 1768
1060 0.3 600062.2646666667 37.31765327867555 600297.626 0.192 362506.76836024836 1771
1070 0.9 600147.682888889 70.64713635377447 600297.626 0.192 362908.4969334836 1774
1080 1 600149.0907000002 80.2324127494912 600297.626 0.192 364106.0026393718 1783
1090 0.5 600064.8166000001 39.93374343385355 600297.626 0.192 365422.472734523 1793
1100 0.6 600169.7095 32.99538363039124 600297.626 0.192 366074.9820333703 1798
1110 0.3 600160.8166666665 30.98060254781363 600297.626 0.192 366853.56760144106 1804
1120 0.9 600118.7144444445 71.68733704871019 600297.626 0.192 367240.9066978416 1807
1130 0.4 600112.6869999999 85.81029907013094 600297.626 0.192 368395.0368023126 1816
1140 0.8 600140.45275 74.37166645594594 600297.626 0.192 368904.3063631867 1820
1150 0.5 600105.2522 73.65938532841655 600297.626 0.192 369916.28074562346 1828
1160 0.5 600174.2156 48.877666657087225 600297.626 0.192 370544.1830136387 1833
1170 0.5 600168.5906 83.18698803922939 600297.626 0.192 371168.8566605004 1838
1180 1.2 600135.7153333334 67.10177256271328 600297.626 0.192 371790.1256077046 1843
1190 0.5 600111.2508 59.70916796406529 600297.626 0.192 373267.2938431265 1855
1200 0.4 600133.2532500001 59.992768882492754 600297.626 0.192 373877.08942634385 1860
1210 0.3 600077.8946666666 48.00916723802947 600297.626 0.192 374362.6176748925 1864
1220 1.2 600131.4708333333 64.14759677602308 600297.626 0.192 374725.309603642 1867
1230 12.3 600121.122699187 67.65640575935582 600297.626 0.192 376164.83804151125 1879
1240 18.1 600140.8540276246 69.14336862986686 600297.626 0.192 389924.38999600377 2002
1250 19.3 600125.2619948185 71.35029795565674 600297.626 0.192 407354.1563678422 2183
1260 13 600129.7701538458 69.48054928843713 600297.626 0.192 423012.7520690234 2376
1270 2.3 600147.2784347828 69.99202564196364 600297.626 0.192 432200.78572865104 2506
1280 1.5 600129.7236 79.20220983686039 600297.626 0.192 433728.1757374455 2529
1290 0.5 600170.2974 62.88699469557682 600297.626 0.192 434709.3169394653 2544
1300 0.4 600138.6995 67.8258683154691 600297.626 0.192 435033.8775131423 2549
1310 0.7 600118.1164285714 76.0532269548464 600297.626 0.192 435292.56113552675 2553
1320 0.8 600114.6145 57.28479535840394 600297.626 0.192 435743.2560132812 2560
1330 0.6 600097.8743333332 62.96199109158208 600297.626 0.192 436255.31632009335 2568
1340 0.6 600117.4196666667 50.36532915828704 600297.626 0.192 436637.2337047396 2574
1350 0.2 600184.5595 28.450500000006286 600297.626 0.192 437017.42018372077 2580
1360 0.9 600104.5868888887 78.74631021114787 600297.626 0.192 437143.80836289685 2582
1370 0.6 600149.2148333333 58.43425825777292 600297.626 0.192 437709.862784639 2591
1380 0.6 600157.321 54.873467838892914 600297.626 0.192 438085.15585829795 2597
1390 0.2 600051.977 0.9719999999797437 600297.626 0.192 438458.73749135603 2603
1400 0.7 600110.5985714287 74.46524313464653 600297.626 0.192 438582.8013988483 2605
1410 0.7 600121.7532857143 64.20310380508174 600297.626 0.192 439015.68600076565 2612
1420 0.6 600186.4521666666 69.40589026978947 600297.626 0.192 439446.2864096983 2619
1430 0.7 600122.5412857144 81.97308677282783 600297.626 0.192 439813.6925028571 2625
1440 0.5 600146.3278000001 48.71394175553931 600297.626 0.192 440240.04582408816 2632
1450 0.8 600114.1857500001 72.38915020181815 600297.626 0.192 440543.24317330297 2637
1460 0.4 600116.1212500001 78.90043662859811 600297.626 0.192 441025.87740415876 2645
1470 0.6 600111.0605 44.23752924363501 600297.626 0.192 441266.10427293315 2649
1480 1 600105.8596000001 62.28745689495505 600297.626 0.192 441625.07592542365 2655
1490 0.3 600106.4976666666 71.42176685174097 600297.626 0.192 442219.7505358348 2665
1500 0.2 600146.5279999999 88.64900000000489 600297.626 0.192 442397.2843594452 2668
1507 0.1 600026.919 0.0 600297.626 0.192 442515.4485868913 2670
