0 11 2051.446418181817 1632.508082963553 6945.013 80.017 0 0
10 19.2 3726.9805260416656 3324.7057527546344 16111.034 76.932 2051.446418181817 110
20 20.4 4363.2926519607845 3825.9713883451577 19108.908 76.932 3116.6866456953635 302
30 20.1 4858.655049751245 4481.782956206608 26115.999 76.932 3619.2708853754934 506
40 22.5 5687.991884444443 4732.316052885728 27698.102 76.932 3971.6276280056577 707
50 25.1 4252.505159362551 4783.002331963756 27698.102 63.098 4385.985951716738 932
60 25.2 2009.4092619047594 4761.063776157997 34239.126 63.098 4357.66500591716 1183
70 22.9 1307.7665764192132 4968.095509631797 39165.146 62.968 3945.2883874564454 1435
80 19.1 625.0882774869115 2706.8846238588935 39165.146 62.968 3582.312128605769 1664
90 21.3 257.50173239436623 1645.5851516847222 39165.146 62.968 3277.8216943396224 1855
100 18.5 224.98024324324322 1274.067645352064 39165.146 62.968 2966.734580270793 2068
110 22.2 331.37148648648645 1706.9843970340426 39165.146 62.968 2741.601623169108 2253
120 20.8 416.7394038461537 1840.0766287470867 39165.146 62.968 2525.4112836363634 2475
130 20.2 368.330321782178 1872.1178812544533 39165.146 62.968 2361.9361621319417 2683
140 22.7 143.01664757709256 663.3597232604061 39165.146 62.968 2222.3492020797225 2885
150 19.8 157.47529292929295 564.550726765666 39165.146 62.968 2070.67552281491 3112
160 19.7 307.70500507614247 1493.8854535992602 39165.146 62.968 1956.2303126888216 3310
170 17.8 690.3145449438201 3234.204779644274 39165.146 62.968 1863.6270946678071 3507
180 21.7 217.07305990783422 1277.3194703368333 39165.146 62.968 1806.9514816824967 3685
190 19.6 180.37714285714273 659.7185201968988 39165.146 62.968 1718.5343577652486 3902
200 19.1 502.3532356020941 2071.3317007095593 39165.146 62.968 1644.9670531966813 4098
210 20.3 471.0939408866993 1771.6349876462539 39165.146 62.968 1594.0835747260435 4289
220 21.8 541.0169633027521 2722.668804551538 39165.146 62.968 1543.3340431878898 4492
230 20.5 314.62686829268273 1296.3711094903708 39165.146 62.968 1496.9422972399152 4710
240 20 479.546665 2183.659311403163 39165.146 62.968 1447.6290392675485 4915
250 22.9 228.34307860261998 1169.1829899221937 39165.146 62.968 1409.7763560117303 5115
260 21.5 404.0413581395352 2044.2518554998674 39165.146 62.968 1359.1498177395213 5344
270 20.7 271.0123285024154 1754.6452720425473 39165.146 62.968 1322.2100230257245 5559
280 21.6 285.9926342592592 1105.3316775306469 39165.146 62.968 1284.4719164065214 5766
290 22 378.1725863636367 1916.7900101110201 39165.146 62.968 1248.4185020060183 5982
300 18 205.4492888888888 1257.4443910952161 39165.146 62.968 1217.5487662044507 6202
310 20 290.40153500000014 1047.4922737850522 39165.146 62.968 1189.0031839548735 6382
320 21.4 488.4674953271027 1971.2764875472512 39165.146 62.968 1161.6983632634463 6582
330 22.3 242.80135426008977 1554.9511428992346 39165.146 62.968 1140.4989215715132 6796
340 23.1 161.9338658008657 726.6187024462965 39165.146 62.757 1111.9782551645537 7019
350 18.8 310.28647872340406 1680.0726969351351 39165.146 62.757 1081.7078753103451 7250
360 24.1 242.43853112033193 1144.6713002093313 39165.146 62.757 1062.2097276149505 7438
370 21.1 123.20367298578189 460.3284324205493 39165.146 62.757 1036.4817866909757 7679
380 21.4 400.8629392523365 1870.0857424029539 39165.146 62.757 1012.0582528517112 7890
390 22.8 317.5328903508771 1688.9640130041494 39165.146 62.757 995.9185937808492 8104
400 24.1 249.80476763485476 1032.3785585975295 39165.146 62.757 977.3549907585216 8332
410 20.5 158.98471219512172 724.0042974401832 39165.146 62.757 956.9024532835649 8573
420 21.8 136.72047706422023 463.5702801944902 39165.146 62.757 938.2680107085899 8778
430 17.9 379.30687709497215 1685.7449722693173 39165.146 62.757 918.8441153846156 8996
440 20.8 183.18946634615392 686.0366229141563 39165.146 62.757 908.3179937874662 9175
450 21.8 292.4118256880732 1593.6475210749418 39165.146 62.757 892.2435257380371 9383
460 20.3 360.5949852216749 1444.6895981761274 39165.146 62.757 878.6237662743467 9601
470 21.7 310.9627327188942 1299.4950598227897 39165.146 62.757 867.8975481436152 9804
480 20.5 583.3098048780483 2049.9064327341575 39165.146 62.757 855.8373889831357 10021
490 18.6 568.8984354838711 2868.3639077512057 39165.146 62.757 850.374045081166 10226
500 20.4 180.0088382352941 886.6404488478768 39165.146 62.757 845.3457639262392 10412
510 20 232.31973999999994 1107.3807486499084 39165.146 62.757 832.5604650527507 10616
520 22.7 397.43596475770914 1468.8510830571759 39165.146 62.757 821.4613392196748 10816
530 21 179.57300476190483 1286.5419642044349 39165.146 62.757 812.7450700896497 11043
540 23.8 322.5703319327731 2079.6508247215147 39165.146 62.757 800.929009153115 11253
550 18.1 346.37166298342555 1789.953189857726 39165.146 62.757 791.0213105038728 11491
560 18.5 400.6780756756755 1718.5310484015006 39165.146 62.757 784.1260409527075 11672
570 19.7 150.12280203045682 702.5190284968362 39165.146 62.757 778.1432566416465 11857
580 22.4 521.4262410714281 2168.967182994217 39165.146 62.757 767.8794413472708 12054
590 20.7 271.9323719806767 1241.147076265566 39165.146 62.757 763.3831457892167 12278
600 19.2 189.4163385416667 1025.988108275965 39165.146 62.757 755.2349431317583 12485
610 23.6 116.37488559322031 453.088508057275 39165.146 62.757 746.6653152954171 12677
620 19.7 219.4185736040609 826.0978525844197 39165.146 62.757 735.1460291953847 12913
630 13.2 3204.8964545454555 2421.323892421249 39165.146 62.757 727.3963488939743 13110
640 18.4 4961.16257608696 3821.510984856474 39165.146 62.757 752.0927704274281 13242
650 19.7 5013.633939086293 5098.416346005115 39165.146 62.757 809.7770281543278 13426
660 27.4 3419.0247554744533 4523.611202883113 39165.146 62.757 870.5683231300011 13623
670 22.9 2528.7796288209624 5211.2814751694905 39165.146 62.757 920.814927610276 13897
680 21.5 1048.7766139534876 3357.6857485405744 39165.146 62.757 946.882031997735 14126
690 20 644.3844300000001 3519.462936365031 40903.192 62.757 948.4096336378219 14341
700 21.4 248.20062149532708 1259.5922687236882 40903.192 62.757 944.22800646448 14541
710 20.4 205.3251617647059 1003.9794841451155 40903.192 62.757 934.1331328363269 14755
720 20.2 442.64919801980193 1857.3477251431584 40903.192 62.757 924.194177953072 14959
730 18 307.91241666666656 1260.4908127499334 40903.192 62.757 917.7782366598512 15161
740 22.2 273.28572972972995 1228.9964378119705 40903.192 62.757 910.6225201095107 15341
750 19.8 252.98194444444425 2042.36411457269 40903.192 62.757 901.5311644927073 15563
760 21.2 310.5663160377357 1260.8379681903784 40903.192 62.757 893.3836646151897 15761
770 18.8 376.61449999999996 1602.0257077643737 40903.192 62.757 885.6482812871724 15973
780 21.1 312.55994786729866 1230.6395508191008 40903.192 62.757 879.7267200668279 16161
790 19.8 86.77764646464648 214.3954154230931 40903.192 62.757 872.4171556315664 16372
800 21.1 247.57869668246448 1174.6932030885505 40903.192 62.757 863.0293087507547 16570
810 20.9 194.74865550239258 710.4425021777683 40903.192 62.757 855.2907902389611 16781
820 19.6 341.9074846938776 1517.6144121132584 40903.192 62.757 847.1652277810481 16990
830 22.4 247.0141160714285 1329.7295644713997 40903.192 62.757 841.4029493192137 17186
840 19.4 119.1393659793816 456.74446502002417 40903.192 62.757 833.755442217117 17410
850 21.5 289.19138139534857 1226.9321337106887 40903.192 62.757 825.880213928653 17604
860 22.1 205.19352941176476 1020.5417891375305 40903.192 62.757 819.4046485773616 17819
870 22.3 383.1590403587444 1886.3931605336438 40903.192 62.757 811.8802218957875 18040
880 20.3 368.3876305418721 1664.280746908535 40903.192 62.757 806.6453303947876 18263
890 20.9 242.56516746411495 1287.141512237307 40903.192 62.757 801.8274860825303 18466
900 3.1 601.3042258064517 2091.0622630092894 40903.192 62.757 795.5685396519413 18675
910 0.1 14965.187 0.0 40903.192 62.757 795.2466005025127 18706
920 0 0 0 40903.192 62.757 796.0040677821138 18707
930 0 0 0 40903.192 62.757 796.0040677821138 18707
940 0 0 0 40903.192 62.757 796.0040677821138 18707
950 0 0 0 40903.192 62.757 796.0040677821138 18707
960 0 0 0 40903.192 62.757 796.0040677821138 18707
970 0 0 0 40903.192 62.757 796.0040677821138 18707
980 0 0 0 40903.192 62.757 796.0040677821138 18707
990 0 0 0 40903.192 62.757 796.0040677821138 18707
1000 0 0 0 40903.192 62.757 796.0040677821138 18707
1010 0 0 0 40903.192 62.757 796.0040677821138 18707
1020 0 0 0 40903.192 62.757 796.0040677821138 18707
1030 0 0 0 40903.192 62.757 796.0040677821138 18707
1040 0 0 0 40903.192 62.757 796.0040677821138 18707
1050 0 0 0 40903.192 62.757 796.0040677821138 18707
1060 0 0 0 40903.192 62.757 796.0040677821138 18707
1070 0 0 0 40903.192 62.757 796.0040677821138 18707
1080 0 0 0 40903.192 62.757 796.0040677821138 18707
1090 0 0 0 40903.192 62.757 796.0040677821138 18707
1100 0 0 0 40903.192 62.757 796.0040677821138 18707
1110 0 0 0 40903.192 62.757 796.0040677821138 18707
1120 0 0 0 40903.192 62.757 796.0040677821138 18707
1130 0 0 0 40903.192 62.757 796.0040677821138 18707
1140 0 0 0 40903.192 62.757 796.0040677821138 18707
1150 0 0 0 40903.192 62.757 796.0040677821138 18707
1160 0 0 0 40903.192 62.757 796.0040677821138 18707
1170 0 0 0 40903.192 62.757 796.0040677821138 18707
1180 0 0 0 40903.192 62.757 796.0040677821138 18707
1190 0 0 0 40903.192 62.757 796.0040677821138 18707
1200 0 0 0 40903.192 62.757 796.0040677821138 18707
1210 0 0 0 40903.192 62.757 796.0040677821138 18707
1220 0 0 0 40903.192 62.757 796.0040677821138 18707
1230 0 0 0 40903.192 62.757 796.0040677821138 18707
1240 0 0 0 40903.192 62.757 796.0040677821138 18707
1250 0 0 0 40903.192 62.757 796.0040677821138 18707
1260 0 0 0 40903.192 62.757 796.0040677821138 18707
1270 0 0 0 40903.192 62.757 796.0040677821138 18707
1280 0 0 0 40903.192 62.757 796.0040677821138 18707
1290 0 0 0 40903.192 62.757 796.0040677821138 18707
1300 0 0 0 40903.192 62.757 796.0040677821138 18707
1310 0 0 0 40903.192 62.757 796.0040677821138 18707
1320 0 0 0 40903.192 62.757 796.0040677821138 18707
1330 0 0 0 40903.192 62.757 796.0040677821138 18707
1340 0 0 0 40903.192 62.757 796.0040677821138 18707
1350 0 0 0 40903.192 62.757 796.0040677821138 18707
1360 0 0 0 40903.192 62.757 796.0040677821138 18707
1370 0 0 0 40903.192 62.757 796.0040677821138 18707
1380 0 0 0 40903.192 62.757 796.0040677821138 18707
1390 0 0 0 40903.192 62.757 796.0040677821138 18707
1400 0 0 0 40903.192 62.757 796.0040677821138 18707
1410 0 0 0 40903.192 62.757 796.0040677821138 18707
1420 0 0 0 40903.192 62.757 796.0040677821138 18707
1430 0 0 0 40903.192 62.757 796.0040677821138 18707
1440 0 0 0 40903.192 62.757 796.0040677821138 18707
1450 0 0 0 40903.192 62.757 796.0040677821138 18707
1460 0 0 0 40903.192 62.757 796.0040677821138 18707
1470 0 0 0 40903.192 62.757 796.0040677821138 18707
1480 0 0 0 40903.192 62.757 796.0040677821138 18707
1490 0 0 0 40903.192 62.757 796.0040677821138 18707
1500 0 0 0 40903.192 62.757 796.0040677821138 18707
1507 0 0 0 40903.192 62.757 796.0040677821138 18707
