0 18.9 189
10 21.2 401
20 21.4 615
30 23.2 847
40 20.8 1055
50 19 1245
60 21.5 1460
70 22.1 1681
80 18.6 1867
90 20.9 2076
100 18.7 2263
110 22.4 2487
120 21 2697
130 19.3 2890
140 22.8 3118
150 20.1 3319
160 19.8 3517
170 17.3 3690
180 22.1 3911
190 19.5 4106
200 19.6 4302
210 19.8 4500
220 21.3 4713
230 21.2 4925
240 20.6 5131
250 23 5361
260 21.6 5577
270 20.8 5785
280 21.2 5997
290 21.4 6211
300 18.9 6400
310 20.1 6601
320 20.2 6803
330 22.8 7031
340 23.1 7262
350 18.8 7450
360 23.9 7689
370 21.2 7901
380 21.2 8113
390 22.7 8340
400 24.1 8581
410 20.5 8786
420 22 9006
430 17.4 9180
440 21 9390
450 21.9 9609
460 20.5 9814
470 22.2 10036
480 19.7 10233
490 19.3 10426
500 20.5 10631
510 20.4 10835
520 21.7 11052
530 21.2 11264
540 24.1 11505
550 18 11685
560 18.6 11871
570 20.5 12076
580 21.2 12288
590 20.9 12497
600 19 12687
610 23.6 12923
620 22.7 13150
630 19.5 13345
640 17.5 13520
650 21.4 13734
660 22.1 13955
670 19.4 14149
680 20.3 14352
690 19.6 14548
700 21.4 14762
710 20.4 14966
720 20.1 15167
730 19.1 15358
740 21.6 15574
750 20.6 15780
760 20.7 15987
770 18.5 16172
780 20.9 16381
790 20.1 16582
800 20.9 16791
810 21.3 17004
820 19.5 17199
830 21.8 17417
840 20 17617
850 21.9 17836
860 21.9 18055
870 22 18275
880 19.8 18473
890 21.3 18686
900 2.1 18707
910 0 18707
920 0 18707
930 0 18707
940 0 18707
950 0 18707
960 0 18707
970 0 18707
980 0 18707
990 0 18707
1000 0 18707
1010 0 18707
1020 0 18707
1030 0 18707
1040 0 18707
1050 0 18707
1060 0 18707
1070 0 18707
1080 0 18707
1090 0 18707
1100 0 18707
1110 0 18707
1120 0 18707
1130 0 18707
1140 0 18707
1150 0 18707
1160 0 18707
1170 0 18707
1180 0 18707
1190 0 18707
1200 0 18707
1210 0 18707
1220 0 18707
1230 0 18707
1240 0 18707
1250 0 18707
1260 0 18707
1270 0 18707
1280 0 18707
1290 0 18707
1300 0 18707
1310 0 18707
1320 0 18707
1330 0 18707
1340 0 18707
1350 0 18707
1360 0 18707
1370 0 18707
1380 0 18707
1390 0 18707
1400 0 18707
1410 0 18707
1420 0 18707
1430 0 18707
1440 0 18707
1450 0 18707
1460 0 18707
1470 0 18707
1480 0 18707
1490 0 18707
1500 0 18707
1507 0 18707
