0 166 166
10 332 332
20 499 499
30 718 718
40 926 926
50 1021 1035
60 1004 1035
70 996 1035
80 994 1035
90 994 1035
100 992 1035
110 995 1035
120 996 1035
130 993 1035
140 993 1035
150 994 1035
160 995 1035
170 993 1035
180 993 1035
190 992 1035
200 994 1035
210 995 1035
220 993 1035
230 995 1035
240 994 1035
250 995 1035
260 993 1035
270 995 1035
280 995 1035
290 992 1035
300 994 1035
310 997 1035
320 994 1035
330 994 1035
340 994 1035
350 994 1035
360 992 1035
370 993 1035
380 994 1035
390 992 1035
400 993 1035
410 992 1035
420 993 1035
430 992 1035
440 994 1035
450 994 1035
460 993 1035
470 999 1035
480 996 1035
490 995 1035
500 994 1035
510 991 1035
520 993 1035
530 995 1035
540 995 1035
550 994 1035
560 992 1035
570 998 1035
580 993 1035
590 995 1035
600 993 1035
610 992 1035
620 990 1035
630 987 1035
640 936 1035
650 985 1035
660 1023 1035
670 1003 1035
680 996 1035
690 994 1035
700 992 1035
710 994 1035
720 993 1035
730 997 1035
740 994 1035
750 991 1035
760 996 1035
770 993 1035
780 994 1035
790 992 1035
800 991 1035
810 993 1035
820 993 1035
830 992 1035
840 993 1035
850 992 1035
860 995 1035
870 994 1035
880 993 1035
890 995 1035
900 987 1035
910 980 1035
920 969 1035
930 967 1035
940 960 1035
950 957 1035
960 949 1035
970 944 1035
980 935 1035
990 931 1035
1000 924 1035
1010 921 1035
1020 914 1035
1030 909 1035
1040 902 1035
1050 900 1035
1060 895 1035
1070 888 1035
1080 877 1035
1090 873 1035
1100 867 1035
1110 864 1035
1120 855 1035
1130 851 1035
1140 843 1035
1150 838 1035
1160 833 1035
1170 828 1035
1180 816 1035
1190 811 1035
1200 807 1035
1210 804 1035
1220 792 1035
1230 662 1035
1240 478 1035
1250 281 1035
1260 164 1035
1270 142 1035
1280 127 1035
1290 122 1035
1300 118 1035
1310 111 1035
1320 102 1035
1330 97 1035
1340 91 1035
1350 88 1035
1360 80 1035
1370 74 1035
1380 68 1035
1390 66 1035
1400 59 1035
1410 52 1035
1420 46 1035
1430 39 1035
1440 34 1035
1450 26 1035
1460 22 1035
1470 16 1035
1480 6 1035
1490 3 1035
1500 1 1035
1507 0 1035
