0 4.2 27.752523809523804 1.648883839480446 30.17 24.684 0 0
10 3.7 27.4874054054054 2.424251909792574 38.15 24.684 27.752523809523804 42
20 5.2 27.90582692307692 1.8508529709418797 38.15 24.684 27.62835443037974 79
30 3.5 27.053457142857145 1.474161967121022 38.15 24.684 27.738496183206102 131
40 3.8 27.46794736842105 2.3492143585660874 38.15 24.424 27.594060240963852 166
50 3.4 30.17632352941176 6.607420858045047 52.465 24.424 27.570568627450978 204
60 3.9 27.650205128205133 2.3602899884796553 52.465 24.239 27.94281932773109 238
70 3.6 27.21549999999999 1.6274453822547228 52.465 24.239 27.90162093862816 277
80 4.7 27.850829787234037 3.012590949058096 52.465 24.239 27.822706070287538 313
90 3.6 27.975277777777787 2.0684277524931707 52.465 24.239 27.826377777777775 360
100 4.2 28.383547619047622 1.4263782007384824 52.465 24.239 27.83991414141414 396
110 4 27.87735 2.2719619225462386 52.465 24.239 27.892043378995435 438
115 0.2 28.0925 1.6244999999999985 52.465 24.239 27.890813807531384 478
