0 0.1 8.257884233527744 0 8.257884233527744 8.257884233527744 0 0
10 0.1 11.9771543759449 0.0 11.9771543759449 8.257884233527744 8.257884233527744 1
20 0.1 11.563187277956352 0.0 11.9771543759449 8.257884233527744 10.117519304736323 2
30 0.1 7.581743296629402 0.0 11.9771543759449 7.581743296629402 10.599408629143 3
40 0.1 14.62743790631772 0.0 14.62743790631772 7.581743296629402 9.8449922960146 4
50 0.1 16.268619455770992 0.0 16.268619455770992 7.581743296629402 10.801481418075223 5
60 0.1 12.753959698150757 0.0 16.268619455770992 7.581743296629402 11.712671091024518 6
70 0.1 12.88487282463186 0.0 16.268619455770992 7.581743296629402 11.861426606328266 7
80 0.1 7.878177699471432 0.0 16.268619455770992 7.581743296629402 11.989357383616214 8
90 0.1 7.478596609031392 0.0 16.268619455770992 7.478596609031392 11.532559640933462 9
100 0.1 8.981683750630145 0.0 16.268619455770992 7.478596609031392 11.127163337743255 10
110 0.1 8.141578110618358 0.0 16.268619455770992 7.478596609031392 10.93211973891479 11
115 0.1 14.284514612025529 0.0 16.268619455770992 7.478596609031392 10.699574603223423 12
