0 0.1 12474.51953125 0 12474.51953125 12474.51953125 0 0
10 0.1 12459.828125 0.0 12474.51953125 12459.828125 12474.51953125 1
20 0.1 12424.64453125 0.0 12474.51953125 12424.64453125 12467.173828125 2
30 0.1 12473.953125 0.0 12474.51953125 12424.64453125 12452.997395833334 3
40 0.1 12439.7578125 0.0 12474.51953125 12424.64453125 12458.236328125 4
50 0.1 12265.96875 0.0 12474.51953125 12265.96875 12454.540625 5
60 0.1 12443.953125 0.0 12474.51953125 12265.96875 12423.111979166666 6
70 0.1 12522.66015625 0.0 12522.66015625 12265.96875 12426.089285714286 7
80 0.1 12541.09375 0.0 12541.09375 12265.96875 12438.16064453125 8
90 0.1 12543.078125 0.0 12543.078125 12265.96875 12449.59765625 9
100 0.1 12470.765625 0.0 12543.078125 12265.96875 12458.945703125 10
110 0.1 12493.8828125 0.0 12543.078125 12265.96875 12460.020241477272 11
115 0.1 12260.2734375 0.0 12543.078125 12260.2734375 12462.842122395834 12
