0 0.1 2.390625 0 2.390625 2.390625 0 0
10 0.1 2.421875 0.0 2.421875 2.390625 2.390625 1
20 0.1 2.12109375 0.0 2.421875 2.12109375 2.40625 2
30 0.1 2.03125 0.0 2.421875 2.03125 2.3111979166666665 3
40 0.1 2.01171875 0.0 2.421875 2.01171875 2.2412109375 4
50 0.1 1.9296875 0.0 2.421875 1.9296875 2.1953125 5
60 0.1 1.8515625 0.0 2.421875 1.8515625 2.1510416666666665 6
70 0.1 1.7109375 0.0 2.421875 1.7109375 2.1082589285714284 7
80 0.1 1.44921875 0.0 2.421875 1.44921875 2.05859375 8
90 0.1 1.53125 0.0 2.421875 1.44921875 1.9908854166666667 9
100 0.1 1.609375 0.0 2.421875 1.44921875 1.944921875 10
110 0.1 1.51953125 0.0 2.421875 1.44921875 1.9144176136363635 11
115 0.1 1.609375 0.0 2.421875 1.44921875 1.8815104166666667 12
