0 4.2 66.00523809523808 10.843961411134208 94.919 50.207 0 0
10 3.7 64.17827027027029 9.76324195615993 94.919 50.207 66.00523809523808 42
20 5.1 64.68996078431373 9.840086214273965 94.919 50.207 65.14956962025317 79
30 3.6 63.90177777777779 9.625839836696246 94.919 50.207 64.96926153846154 130
40 3.8 64.45544736842108 9.30060980654203 94.919 50.207 64.73775903614458 166
50 3.4 68.24558823529412 12.72248521578013 100.68 50.207 64.68517156862745 204
60 3.9 64.43876923076921 10.567848012410673 100.68 50.207 65.19380252100841 238
70 3.6 63.224916666666644 8.184314032800794 100.68 50.207 65.08749819494585 277
80 4.7 64.37123404255318 10.152100131149396 100.68 50.207 64.8732715654952 313
90 3.6 65.10600000000004 9.779383543966354 100.68 50.207 64.80772777777777 360
100 4.2 66.26030952380952 10.185643193305852 100.68 50.207 64.83484343434344 396
110 4 64.83269999999999 9.923299106647947 100.68 50.207 64.97153196347033 438
115 0.2 64.038 11.079999999999998 100.68 50.207 64.95991422594143 478
