0 2.1 297.9319999999999 155.16172439625387 834.626 150.347 0 0
10 1.8 239.33672222222225 74.3305297952669 834.626 139.706 297.9319999999999 21
20 3.2 274.75603125000004 113.91690259721237 834.626 137.051 270.8880256410256 39
30 1.4 262.14964285714285 125.17855931691402 834.626 135.122 272.6313521126761 71
40 1.7 351.8704705882354 219.11596295464935 947.18 135.122 270.90495294117653 85
50 1.7 274.4813529411765 120.52870139804443 947.18 135.122 284.39920588235304 102
60 2 290.86145 162.66080696113465 947.18 135.122 282.98236974789927 119
70 1.8 324.74961111111116 141.8127889857058 947.18 135.122 284.11605035971235 139
80 2.4 272.326625 151.3521714976951 947.18 135.122 288.77467515923576 157
90 1.7 257.9182941176471 109.81397303234588 947.18 135.122 286.59371823204424 181
100 2.1 310.8420952380952 135.38898014131436 947.18 135.122 284.1316868686869 198
110 2 229.12499999999994 77.30741273577846 947.18 135.122 286.6929589041097 219
115 0.1 232.361 0.0 947.18 135.122 281.87555648535573 239
