0 13.2 132
10 17.1 303
20 16.9 472
30 20 672
40 17.5 847
50 18.5 1032
60 20.8 1240
70 21.6 1456
80 18.7 1643
90 21.3 1856
100 21.2 2068
110 19.7 2265
120 20.8 2473
130 20.2 2675
140 16.3 2838
150 19 3028
160 20.7 3235
170 20 3435
180 17.3 3608
190 18.3 3791
200 19.3 3984
210 18.6 4170
220 19.3 4363
230 18.3 4546
240 15 4696
250 19.7 4893
260 18.4 5077
270 19.5 5272
280 23 5502
290 19.4 5696
300 19.1 5887
310 20.2 6089
320 19 6279
330 19.8 6477
340 19.5 6672
350 21.6 6888
360 19.3 7081
370 20 7281
380 22.1 7502
390 22 7722
400 21.1 7933
410 18.5 8118
420 22.5 8343
430 21.5 8558
440 21.2 8770
450 21.8 8988
460 17.6 9164
470 20.3 9367
480 21.5 9582
490 19.1 9773
500 20.8 9981
510 18.1 10162
520 17.5 10337
530 22.4 10561
540 18.6 10747
550 21.8 10965
560 19.4 11159
570 20.5 11364
580 19.8 11562
590 20.2 11764
600 20.3 11967
610 21.3 12180
620 18.2 12362
630 19.7 12559
640 20.8 12767
650 18.1 12948
660 20.6 13154
670 19.8 13352
680 22.6 13578
690 19.8 13776
700 20.1 13977
710 21.6 14193
720 21.1 14404
730 24.9 14653
740 18.2 14835
750 20.9 15044
760 23.5 15279
770 18.4 15463
780 23.2 15695
790 20.8 15903
800 19.7 16100
810 19.2 16292
820 21.5 16507
830 19.6 16703
840 21 16913
850 20.1 17114
860 19.5 17309
870 21.1 17520
880 19.5 17715
890 19.6 17911
900 4.9 17960
910 1.1 17971
916 0.1 17972
