0 29 29
10 33 4
20 32 -1
30 31 -1
40 28 -3
50 39 11
60 40 1
70 26 -14
80 35 9
90 47 12
100 36 -11
110 29 -7
120 29 0
130 33 4
140 29 -4
150 40 11
160 31 -9
170 30 -1
180 36 6
190 22 -14
200 34 12
210 31 -3
220 21 -10
230 32 11
240 25 -7
250 34 9
260 33 -1
270 32 -1
280 33 1
290 38 5
300 34 -4
310 29 -5
320 40 11
330 34 -6
340 25 -9
350 32 7
360 29 -3
370 36 7
380 34 -2
390 44 10
400 34 -10
410 37 3
420 42 5
430 35 -7
440 26 -9
450 34 8
460 40 6
470 39 -1
480 30 -9
490 39 9
500 30 -9
510 27 -3
520 35 8
530 38 3
540 28 -10
550 32 4
560 24 -8
570 33 9
580 36 3
590 41 5
600 27 -14
610 39 12
620 27 -12
630 29 2
640 34 5
650 22 -12
660 37 15
670 34 -3
680 37 3
690 32 -5
700 48 16
710 36 -12
720 38 2
730 47 9
740 27 -20
750 22 -5
760 31 9
770 28 -3
780 39 11
790 37 -2
800 23 -14
810 32 9
820 41 9
830 33 -8
840 36 3
850 28 -8
860 35 7
870 26 -9
880 35 9
890 20 -15
900 0 -20
910 0 0
916 0 0
