0 13.2 27.929310606060618 1.5280092720078808 30.577 25.05 0 0
10 17.1 27.788725146198832 1.7197345879845405 31.966 25.05 27.929310606060618 132
20 16.9 27.98107692307693 2.2566947763509075 38.316 25.05 27.849970297029707 303
30 20.1 27.630074626865678 1.650042064714217 38.316 24.883 27.896913135593227 472
40 17.4 27.76853448275864 1.755157348438157 38.316 24.721 27.81721842496286 673
50 18.5 28.197367567567557 3.613432823922732 55.077 24.591 27.807217237308155 847
60 20.9 27.95000478468899 2.0512540440148204 55.077 24.544 27.877156976744192 1032
70 21.5 27.636665116279076 2.2202663991516265 55.077 24.544 27.88942546333602 1241
80 18.7 27.415278074866315 1.8413993858137991 55.077 24.544 27.85210164835165 1456
90 21.3 27.637723004694827 1.8985456191186285 55.077 24.492 27.802384053560562 1643
100 21.2 27.308207547169793 1.6385326167548393 55.077 24.492 27.783487068965517 1856
110 19.7 28.1986192893401 6.146176299026428 88.977 24.492 27.734764023210833 2068
120 20.8 27.697471153846145 1.6419182932960477 88.977 24.492 27.775108167770416 2265
130 20.3 27.257310344827573 2.091796528463983 88.977 24.492 27.7685782450465 2473
140 16.2 27.57212345679013 1.8009647543710612 88.977 24.492 27.72979372197309 2676
150 19 27.638584210526332 2.2067567296739385 88.977 24.492 27.720793516560956 2838
160 21 27.632657142857134 1.902018030201313 88.977 24.492 27.715635072655218 3028
170 19.9 27.571165829145727 1.7509355224155103 88.977 24.492 27.710253551575043 3238
180 17.1 27.8154678362573 1.9250482436015892 88.977 24.492 27.702200465522253 3437
190 18.3 27.804453551912545 1.9065251877587204 88.977 24.492 27.7075687361419 3608
200 19.6 27.485117346938765 1.7185135311186421 88.977 24.492 27.712245581640722 3791
210 18.3 27.790382513661214 1.6966027083139303 88.977 24.492 27.7010800100326 3987
220 19.3 27.38015025906736 1.7018551301911582 88.977 24.492 27.70499904076738 4170
230 18.3 27.8447431693989 2.4022343753571023 88.977 24.492 27.690629154251656 4363
240 15 27.610000000000007 1.7430054962621309 88.977 24.492 27.69683304003519 4546
250 19.8 27.914742424242423 2.921724196795375 88.977 24.492 27.694059412265755 4696
260 18.5 27.61932432432434 1.7844539456099513 88.977 24.492 27.702987740089903 4894
270 19.4 27.812634020618543 1.9095139920007713 88.977 24.492 27.699940342587123 5079
280 23 27.478000000000005 1.8301930285462051 88.977 24.492 27.704086478285603 5273
290 19.4 27.6121649484536 1.691037686548734 88.977 24.279 27.694637107032527 5503
300 19 27.78860000000001 2.1078838522880794 88.977 24.279 27.69182868176233 5697
310 20.4 27.49893627450981 1.9985065332858236 88.977 24.279 27.6949519279769 5887
320 19 27.713489473684195 1.7915068363324873 88.977 24.279 27.688386964373667 6091
330 19.6 27.837295918367335 1.7705269376437385 88.977 24.279 27.689146314281164 6281
340 19.5 27.52500512820512 1.8777127398265772 88.977 24.279 27.69362945808244 6477
350 21.6 27.304893518518522 1.9658933043357323 88.977 24.141 27.688701139088725 6672
360 19.4 27.512154639175243 1.9776761633327538 88.977 24.141 27.67666536004645 6888
370 20 27.301500000000015 1.9627204360275043 88.977 24.141 27.672158853431227 7082
380 22.1 27.180475113122178 1.6672004946015477 88.977 24.141 27.66197871463883 7282
390 22 27.35746363636365 1.9551275228219434 88.977 24.141 27.64779608156737 7503
400 21.1 27.44161137440757 1.7189802776476848 88.977 23.854 27.639525572963873 7723
410 18.6 27.634107526881724 1.8325983607650722 88.977 23.854 27.634262162843456 7934
420 22.3 27.71979820627801 2.0597543215415017 88.977 23.854 27.63425862068965 8120
430 21.6 27.51577314814815 1.7103156545950966 88.977 23.854 27.636545007790957 8343
440 21.2 27.754698113207557 2.6045428388549126 88.977 23.854 27.63349713751606 8559
450 21.8 27.859669724770626 1.7714166080217122 88.977 23.854 27.636426633223117 8771
460 17.6 27.70186931818181 2.0936048348514027 88.977 23.854 27.641840694181774 8989
470 20.3 27.814187192118233 1.9460282285817285 88.977 23.854 27.642993453355153 9165
480 21.4 27.862967289719624 2.0021728392846834 88.977 23.854 27.646703138343295 9368
490 19.2 27.716979166666672 1.7766079335537068 88.977 23.854 27.6515330828637 9582
500 20.7 27.601937198067635 2.918838608443927 88.977 23.854 27.652818702680577 9774
510 18.1 27.654364640883976 1.8862713753039797 88.977 23.854 27.651763450556054 9981
520 17.7 27.80112429378532 2.1723988059566026 88.977 23.854 27.651809781539065 10162
530 22.4 27.35771428571429 1.5730144140912297 88.977 23.854 27.654365992842635 10339
540 18.4 27.688538043478253 1.912709863071716 88.977 23.854 27.648075168039384 10563
550 21.8 27.776362385321097 2.05826588448764 88.977 23.854 27.648767935237743 10747
560 19.6 28.266530612244914 3.294003942552692 88.977 23.854 27.651304696762423 10965
570 20.3 27.880054187192105 2.0827255120730874 88.977 23.854 27.662108771615443 11161
580 19.9 27.84104522613066 1.8837165666528057 88.977 23.854 27.66600202393523 11364
590 20.2 27.728346534653458 1.7128085119842258 88.977 23.854 27.669014529101446 11563
600 20.5 27.97936585365854 2.1157308759201463 88.977 23.854 27.670033234169146 11765
610 21 27.496395238095232 1.6930517110141086 88.977 23.854 27.67533091060986 11970
620 18.2 28.028620879120883 2.0257934774823965 88.977 23.854 27.672245812807883 12180
630 19.7 27.638269035532993 1.8064019047060003 88.977 23.854 27.677492557838537 12362
640 20.8 27.7441971153846 1.935648463840633 88.977 23.854 27.67687729914802 12559
650 18.1 27.492607734806597 1.8473881953911482 88.977 23.854 27.677974073783975 12767
660 20.7 27.578570048309174 1.7262673461568003 88.977 23.854 27.675382839048503 12948
670 19.8 27.88800505050507 2.0043333194681083 88.977 23.854 27.67385944507792 13155
680 22.6 27.729243362831856 2.0875093997086283 88.977 23.854 27.677034823635143 13353
690 19.8 27.47125252525255 1.9811238436063854 88.977 23.854 27.67790374843509 13579
700 20.4 27.595333333333325 3.0496946257711635 88.977 23.854 27.674933802714676 13777
710 21.2 27.249806603773575 1.7073020991848271 88.977 23.854 27.6737723338817 13981
720 21.5 27.759367441860466 1.7528281625168105 88.977 23.854 27.667439582892978 14193
730 24.6 27.708642276422765 2.049495708863947 88.977 23.854 27.66881135480289 14408
740 18.1 27.733850828729278 2.654981107165433 88.977 23.854 27.669480005459263 14654
750 21 27.39873809523809 1.7630237696520925 88.977 23.854 27.670265385911698 14835
760 23.5 27.749497872340417 1.5743468361939097 88.977 23.854 27.666475373878367 15045
770 18.4 27.56187500000001 1.7825087628984564 88.977 23.854 27.66775222513089 15280
780 23.2 27.588387931034468 1.8081115614018481 88.977 23.854 27.666492434040354 15464
790 20.8 27.635278846153838 1.7234597971072105 88.977 23.854 27.665337984199798 15696
800 19.8 27.79552020202021 2.5088271510477376 88.977 23.854 27.66494485663984 15904
810 19 27.632936842105263 1.7429452949746407 88.977 23.854 27.66655049062228 16102
820 21.7 27.721529953917063 2.4820512347757986 88.977 23.854 27.66615848269089 16292
830 19.4 27.518438144329906 1.8447625804240062 88.977 23.854 27.66688630444 16509
840 21.1 27.37395734597157 1.6148820957007228 88.977 23.854 27.665162126564084 16703
850 20 27.36979000000001 1.7192075575392287 88.977 23.854 27.661529383942295 16914
860 19.6 27.66253571428571 3.5341677777629013 88.977 23.854 27.65812001869814 17114
870 21 27.425552380952396 1.8425787518529686 88.977 23.854 27.65817001733102 17310
880 19.5 27.293969230769207 1.6798840921789269 88.977 23.854 27.65538179223744 17520
890 19.6 27.535153061224502 2.038384884107007 88.977 23.854 27.651403499858873 17715
900 4.9 27.530530612244906 1.6446170710190806 88.977 23.854 27.650131371782702 17911
910 1.1 27.75227272727273 1.7055412945566641 88.977 23.854 27.64980506681514 17960
916 0.1 56.741 0.0 88.977 23.854 27.64986778699015 17971
