0 0.1 6.732517881675092 0 6.732517881675092 6.732517881675092 0 0
10 0.1 3.9899623588456716 0.0 6.732517881675092 3.9899623588456716 6.732517881675092 1
20 0.1 3.1109257714762304 0.0 6.732517881675092 3.1109257714762304 5.361240120260382 2
30 0.1 4.2695130086724475 0.0 6.732517881675092 3.1109257714762304 4.611135337332331 3
40 0.1 4.1437385359346335 0.0 6.732517881675092 3.1109257714762304 4.52572975516736 4
50 0.1 3.1866211831267157 0.0 6.732517881675092 3.1109257714762304 4.449331511320815 5
60 0.1 13.964075821537952 0.0 13.964075821537952 3.1109257714762304 4.238879789955131 6
70 0.1 6.845637583892618 0.0 13.964075821537952 3.1109257714762304 5.628193508752678 7
80 0.1 6.433094132545378 0.0 13.964075821537952 3.1109257714762304 5.78037401814517 8
90 0.1 4.163506110408766 0.0 13.964075821537952 3.1109257714762304 5.852898475300749 9
100 0.1 4.825375400708622 0.0 13.964075821537952 3.1109257714762304 5.683959238811551 10
110 0.1 2.815962675997667 0.0 13.964075821537952 2.815962675997667 5.605906162620375 11
120 0.1 2.091143880696493 0.0 13.964075821537952 2.091143880696493 5.373410872068483 12
130 0.1 2.0486342438374416 0.0 13.964075821537952 2.0486342438374416 5.120928795809099 13
140 0.1 1.241977160956906 0.0 13.964075821537952 1.241977160956906 4.90147918495398 14
150 0.1 0.7336390162567737 0.0 13.964075821537952 0.7336390162567737 4.657512383354176 15
160 0.1 0.6840744139484441 0.0 13.964075821537952 0.6840744139484441 4.412270297910588 16
170 0.1 0.9835792281403685 0.0 13.964075821537952 0.6840744139484441 4.19296465767752 17
180 0.1 1.4163125885195367 0.0 13.964075821537952 0.6840744139484441 4.014665467147679 18
190 0.1 0.6663890045814245 0.0 13.964075821537952 0.6663890045814245 3.8779100524830397 19
200 0.1 0.7080973008997001 0.0 13.964075821537952 0.6663890045814245 3.7173340000879582 20
210 0.1 0.9418236372728789 0.0 13.964075821537952 0.6663890045814245 3.574037014412327 21
220 0.1 0.7664111962679107 0.0 13.964075821537952 0.6663890045814245 3.454390951815079 22
230 0.1 1.0414063150878947 0.0 13.964075821537952 0.6663890045814245 3.337522266791289 23
240 0.1 0.65 0.0 13.964075821537952 0.65 3.2418507688036478 24
250 0.1 0.6245836109260493 0.0 13.964075821537952 0.6245836109260493 3.138176738051502 25
260 0.1 0.6747188671386922 0.0 13.964075821537952 0.6245836109260493 3.0415000793159077 26
270 0.1 0.6668333750104193 0.0 13.964075821537952 0.6245836109260493 2.953841515901937 27
280 0.1 0.7166069494208815 0.0 13.964075821537952 0.6245836109260493 2.87216265372724 28
290 0.1 1.49191531921987 0.0 13.964075821537952 0.6245836109260493 2.797833146682193 29
300 0.1 0.6339144215530903 0.0 13.964075821537952 0.6245836109260493 2.754302552433449 30
310 0.1 0.7667944657442907 0.0 13.964075821537952 0.6245836109260493 2.6859029353082757 31
320 0.1 0.682991837414626 0.0 13.964075821537952 0.6245836109260493 2.6259307956344013 32
330 0.1 0.6000500041670139 0.0 13.964075821537952 0.6000500041670139 2.5670538575065294 33
340 0.1 0.7586494372655272 0.0 13.964075821537952 0.6000500041670139 2.5092008029965434 34
350 0.1 1.3996500874781306 0.0 13.964075821537952 0.6000500041670139 2.459185049689943 35
360 0.1 0.8247250916361214 0.0 13.964075821537952 0.6000500041670139 2.429753522961837 36
370 0.1 0.5834305717619603 0.0 13.964075821537952 0.5834305717619603 2.3863743761692504 37
380 0.1 0.575287643821911 0.0 13.964075821537952 0.575287643821911 2.3389284865795847 38
390 0.1 0.7165472421263123 0.0 13.964075821537952 0.575287643821911 2.293706926508875 39
400 0.1 1.3066999583853516 0.0 13.964075821537952 0.575287643821911 2.254277934399311 40
410 0.1 0.9506337558372248 0.0 13.964075821537952 0.575287643821911 2.231166276447751 41
420 0.1 0.9838252459563115 0.0 13.964075821537952 0.575287643821911 2.200677406909405 42
430 0.1 0.9252313078269567 0.0 13.964075821537952 0.575287643821911 2.1723785194453797 43
440 0.1 0.7585861953984662 0.0 13.964075821537952 0.575287643821911 2.14403426463587 44
450 0.1 0.6255212677231026 0.0 13.964075821537952 0.575287643821911 2.1132465297639276 45
460 0.1 0.8999999999999999 0.0 13.964075821537952 0.575287643821911 2.0809046762413006 46
470 0.1 0.6997667444185272 0.0 13.964075821537952 0.575287643821911 2.0557790448319113 47
480 0.1 0.591962647990662 0.0 13.964075821537952 0.575287643821911 2.027528788573299 48
490 0.1 0.7332111314780869 0.0 13.964075821537952 0.575287643821911 1.9982315203981427 49
500 0.1 0.8837015423092955 0.0 13.964075821537952 0.575287643821911 1.9729311126197415 50
510 0.1 0.666611115740355 0.0 13.964075821537952 0.575287643821911 1.951573670064635 51
520 0.1 0.4917486247707951 0.0 13.964075821537952 0.4917486247707951 1.9268628517122448 52
530 0.1 0.566713892824402 0.0 13.964075821537952 0.4917486247707951 1.8997852247888212 53
540 0.1 0.6834472412068678 0.0 13.964075821537952 0.4917486247707951 1.8750987186413317 54
550 0.1 0.6415597400433262 0.0 13.964075821537952 0.4917486247707951 1.8534323281425233 55
560 0.1 0.9579341940857976 0.0 13.964075821537952 0.4917486247707951 1.8317917462121804 56
570 0.1 0.8165305782369604 0.0 13.964075821537952 0.4917486247707951 1.8164609119643491 57
580 0.1 0.6163071541600733 0.0 13.964075821537952 0.4917486247707951 1.7992207337966355 58
590 0.1 0.641399416909621 0.0 13.964075821537952 0.4917486247707951 1.779171351090931 59
600 0.1 0.7416666666666667 0.0 13.964075821537952 0.4917486247707951 1.7602084855212425 60
610 0.1 0.7170251792562948 0.0 13.964075821537952 0.4917486247707951 1.7435110786547738 61
620 0.1 0.9085604734516962 0.0 13.964075821537952 0.4917486247707951 1.7269548544709274 62
630 0.1 0.6415597400433262 0.0 13.964075821537952 0.4917486247707951 1.7139644674706223 63
640 0.1 0.6168722907635878 0.0 13.964075821537952 0.4917486247707951 1.6972081436045707 64
650 0.1 0.7501875468867216 0.0 13.964075821537952 0.4917486247707951 1.6805875920224016 65
660 0.1 0.6082826431130739 0.0 13.964075821537952 0.4917486247707951 1.666490621641558 66
670 0.1 1.3065912117177096 0.0 13.964075821537952 0.4917486247707951 1.6506964727082971 67
680 0.1 0.9409609459571987 0.0 13.964075821537952 0.4917486247707951 1.6456361012231415 68
690 0.1 0.6667222268522377 0.0 13.964075821537952 0.4917486247707951 1.63542341781349 69
700 0.1 1.1586229890806035 0.0 13.964075821537952 0.4917486247707951 1.6215848293711865 70
710 0.1 0.9330223258913695 0.0 13.964075821537952 0.4917486247707951 1.615064240071319 71
720 0.1 0.7082743104741271 0.0 13.964075821537952 0.4917486247707951 1.6055914357077088 72
730 0.1 1.466544454628781 0.0 13.964075821537952 0.4917486247707951 1.59329942029355 73
740 0.1 0.7416048662611449 0.0 13.964075821537952 0.4917486247707951 1.5915865153521342 74
750 0.1 0.8001333555592599 0.0 13.964075821537952 0.4917486247707951 1.5802534266975876 75
760 0.1 0.8 0.0 13.964075821537952 0.4917486247707951 1.5699886889194516 76
770 0.1 0.7665389101816364 0.0 13.964075821537952 0.4917486247707951 1.5599888358166016 77
780 0.1 1.1011929590389589 0.0 13.964075821537952 0.4917486247707951 1.5498164008725637 78
790 0.1 1.0584215351279274 0.0 13.964075821537952 0.4917486247707951 1.5441376231278343 79
800 0.1 0.6921858060211825 0.0 13.964075821537952 0.4917486247707951 1.5380661720278357 80
810 0.1 0.733088970343219 0.0 13.964075821537952 0.4917486247707951 1.527623204546272 81
820 0.1 0.575 0.0 13.964075821537952 0.4917486247707951 1.517933762665747 82
830 0.1 0.6580591420241566 0.0 13.964075821537952 0.4917486247707951 1.5065731149227861 83
840 0.1 0.625312656328164 0.0 13.964075821537952 0.4917486247707951 1.4964717581025644 84
850 0.1 0.9334889148191364 0.0 13.964075821537952 0.4917486247707951 1.486222827493454 85
860 0.1 0.7169056352117372 0.0 13.964075821537952 0.4917486247707951 1.4797956889739852 86
870 0.1 0.6247917360879707 0.0 13.964075821537952 0.4917486247707951 1.4710268377813156 87
880 0.1 0.7864134526897014 0.0 13.964075821537952 0.4917486247707951 1.4614105298075275 88
890 0.1 3.251827577514495 0.0 13.964075821537952 0.4917486247707951 1.453826292985979 89
900 0.1 4.227804028848546 0.0 13.964075821537952 0.4917486247707951 1.473804085036296 90
910 0.1 2.791899324943745 0.0 13.964075821537952 0.4917486247707951 1.5040678206825844 91
916 0.1 4.642827373510045 0.0 13.964075821537952 0.4917486247707951 1.5180659892071622 92
