0 5 50
10 8.2 132
20 8.2 214
30 10.3 317
40 9.1 408
50 8 488
60 10.5 593
70 11.5 708
80 8.9 797
90 10.1 898
100 11.5 1013
110 10 1113
120 10 1213
130 10 1313
140 8 1393
150 9.5 1488
160 10.5 1593
170 10.4 1697
180 8.2 1779
190 9.2 1871
200 9.8 1969
210 9 2059
220 10.2 2161
230 9 2251
240 8 2331
250 9.6 2427
260 8.9 2516
270 9.8 2614
280 12 2734
290 9 2824
300 9.9 2923
310 10.6 3029
320 8.8 3117
330 9.7 3214
340 10.3 3317
350 10.5 3422
360 9.4 3516
370 10.1 3617
380 10.9 3726
390 10.4 3830
400 11.2 3942
410 9.1 4033
420 10.7 4140
430 11.2 4252
440 10.9 4361
450 10.7 4468
460 9 4558
470 9.7 4655
480 11 4765
490 9.8 4863
500 10.4 4967
510 9.4 5061
520 8.5 5146
530 11.3 5259
540 9.5 5354
550 10.8 5462
560 9.7 5559
570 10.1 5660
580 9.5 5755
590 10 5855
600 11 5965
610 9.8 6063
620 10 6163
630 9.3 6256
640 10.5 6361
650 9.6 6457
660 9.9 6556
670 9.5 6651
680 11.2 6763
690 10.1 6864
700 9.6 6960
710 10.3 7063
720 10.9 7172
730 12.5 7297
740 10 7397
750 10.6 7503
760 11.9 7622
770 9.2 7714
780 11 7824
790 10.6 7930
800 10.1 8031
810 9.5 8126
820 10.7 8233
830 9.6 8329
840 10.3 8432
850 10.7 8539
860 9.4 8633
870 10.4 8737
880 10.1 8838
890 9.9 8937
900 3.7 8974
910 1.1 8985
916 0.1 8986
