0 0.1 12470.9140625 0 12470.9140625 12470.9140625 0 0
10 0.1 12490.578125 0.0 12490.578125 12470.9140625 12470.9140625 1
20 0.1 12500.07421875 0.0 12500.07421875 12470.9140625 12480.74609375 2
30 0.1 12489.66796875 0.0 12500.07421875 12470.9140625 12487.188802083334 3
40 0.1 12486.9765625 0.0 12500.07421875 12470.9140625 12487.80859375 4
50 0.1 12475.8359375 0.0 12500.07421875 12470.9140625 12487.6421875 5
60 0.1 12456.0859375 0.0 12500.07421875 12456.0859375 12485.674479166666 6
70 0.1 12447.4296875 0.0 12500.07421875 12447.4296875 12481.447544642857 7
80 0.1 12479.03125 0.0 12500.07421875 12447.4296875 12477.1953125 8
90 0.1 12498.16015625 0.0 12500.07421875 12447.4296875 12477.399305555555 9
100 0.1 12433.0 0.0 12500.07421875 12433.0 12479.475390625 10
110 0.1 12457.88671875 0.0 12500.07421875 12433.0 12475.250355113636 11
120 0.1 12471.5546875 0.0 12500.07421875 12433.0 12473.803385416666 12
130 0.1 12487.33984375 0.0 12500.07421875 12433.0 12473.630408653846 13
140 0.1 12493.8203125 0.0 12500.07421875 12433.0 12474.609654017857 14
150 0.1 12496.71875 0.0 12500.07421875 12433.0 12475.890364583332 15
160 0.1 12497.8828125 0.0 12500.07421875 12433.0 12477.192138671875 16
170 0.1 12496.95703125 0.0 12500.07421875 12433.0 12478.409237132353 17
180 0.1 12502.03515625 0.0 12502.03515625 12433.0 12479.439670138889 18
190 0.1 12501.28515625 0.0 12502.03515625 12433.0 12480.62890625 19
200 0.1 12500.7421875 0.0 12502.03515625 12433.0 12481.66171875 20
210 0.1 12499.296875 0.0 12502.03515625 12433.0 12482.5703125 21
220 0.1 12504.0703125 0.0 12504.0703125 12433.0 12483.330610795454 22
230 0.1 12497.8671875 0.0 12504.0703125 12433.0 12484.232336956522 23
240 0.1 12498.54296875 0.0 12504.0703125 12433.0 12484.800455729166 24
250 0.1 12498.921875 0.0 12504.0703125 12433.0 12485.35015625 25
260 0.1 12498.99609375 0.0 12504.0703125 12433.0 12485.872145432691 26
270 0.1 12503.11328125 0.0 12504.0703125 12433.0 12486.358217592593 27
280 0.1 12502.58984375 0.0 12504.0703125 12433.0 12486.956612723214 28
290 0.1 12505.34375 0.0 12505.34375 12433.0 12487.495689655172 29
300 0.1 12501.5234375 0.0 12505.34375 12433.0 12488.090625 30
310 0.1 12507.26953125 0.0 12507.26953125 12433.0 12488.523941532258 31
320 0.1 12507.265625 0.0 12507.26953125 12433.0 12489.109741210938 32
330 0.1 12507.26171875 0.0 12507.26953125 12433.0 12489.659919507576 33
340 0.1 12513.125 0.0 12513.125 12433.0 12490.177619485294 34
350 0.1 12515.37109375 0.0 12515.37109375 12433.0 12490.833258928571 35
360 0.1 12516.3203125 0.0 12516.3203125 12433.0 12491.514865451389 36
370 0.1 12515.7578125 0.0 12516.3203125 12433.0 12492.18528293919 37
380 0.1 12516.06640625 0.0 12516.3203125 12433.0 12492.805612664475 38
390 0.1 12516.04296875 0.0 12516.3203125 12433.0 12493.402043269232 39
400 0.1 12477.203125 0.0 12516.3203125 12433.0 12493.96806640625 40
410 0.1 12471.71484375 0.0 12516.3203125 12433.0 12493.559165396342 41
420 0.1 12443.3046875 0.0 12516.3203125 12433.0 12493.0390625 42
430 0.1 12460.0625 0.0 12516.3203125 12433.0 12491.882449127907 43
440 0.1 12461.03515625 0.0 12516.3203125 12433.0 12491.15926846591 44
450 0.1 12476.6875 0.0 12516.3203125 12433.0 12490.48984375 45
460 0.1 12483.109375 0.0 12516.3203125 12433.0 12490.189792798914 46
470 0.1 12511.69921875 0.0 12516.3203125 12433.0 12490.039145611701 47
480 0.1 12511.9765625 0.0 12516.3203125 12433.0 12490.490397135416 48
490 0.1 12512.4765625 0.0 12516.3203125 12433.0 12490.928890306122 49
500 0.1 12511.94140625 0.0 12516.3203125 12433.0 12491.35984375 50
510 0.1 12509.578125 0.0 12516.3203125 12433.0 12491.76340379902 51
520 0.1 12511.921875 0.0 12516.3203125 12433.0 12492.105994591346 52
530 0.1 12512.43359375 0.0 12516.3203125 12433.0 12492.479879127359 53
540 0.1 12512.76171875 0.0 12516.3203125 12433.0 12492.849392361111 54
550 0.1 12513.04296875 0.0 12516.3203125 12433.0 12493.211434659092 55
560 0.1 12514.71875 0.0 12516.3203125 12433.0 12493.56556919643 56
570 0.1 12512.9375 0.0 12516.3203125 12433.0 12493.936677631578 57
580 0.1 12515.5703125 0.0 12516.3203125 12433.0 12494.264278017241 58
590 0.1 12515.390625 0.0 12516.3203125 12433.0 12494.625397245763 59
600 0.1 12515.51171875 0.0 12516.3203125 12433.0 12494.971484375 60
610 0.1 12516.59375 0.0 12516.59375 12433.0 12495.308209528688 61
620 0.1 12514.26171875 0.0 12516.59375 12433.0 12495.651524697581 62
630 0.1 12512.99609375 0.0 12516.59375 12433.0 12495.946924603175 63
640 0.1 12486.1328125 0.0 12516.59375 12433.0 12496.213317871094 64
650 0.1 12485.84765625 0.0 12516.59375 12433.0 12496.058233173077 65
660 0.1 12485.35546875 0.0 12516.59375 12433.0 12495.903527462122 66
670 0.1 12486.07421875 0.0 12516.59375 12433.0 12495.74609375 67
680 0.1 12486.07421875 0.0 12516.59375 12433.0 12495.603860294117 68
690 0.1 12486.30078125 0.0 12516.59375 12433.0 12495.465749547102 69
700 0.1 12451.5234375 0.0 12516.59375 12433.0 12495.33482142857 70
710 0.1 12451.70703125 0.0 12516.59375 12433.0 12494.717759683099 71
720 0.1 12480.140625 0.0 12516.59375 12433.0 12494.120388454861 72
730 0.1 12474.52734375 0.0 12516.59375 12433.0 12493.928884845891 73
740 0.1 12480.77734375 0.0 12516.59375 12433.0 12493.666701858108 74
750 0.1 12480.98046875 0.0 12516.59375 12433.0 12493.49484375 75
760 0.1 12486.765625 0.0 12516.59375 12433.0 12493.330180921053 76
770 0.1 12475.34375 0.0 12516.59375 12433.0 12493.244926948051 77
780 0.1 12497.6953125 0.0 12516.59375 12433.0 12493.015424679486 78
790 0.1 12492.76953125 0.0 12516.59375 12433.0 12493.074663765821 79
800 0.1 12491.79296875 0.0 12516.59375 12433.0 12493.070849609374 80
810 0.1 12492.36328125 0.0 12516.59375 12433.0 12493.055073302468 81
820 0.1 12492.91796875 0.0 12516.59375 12433.0 12493.046636814022 82
830 0.1 12492.95703125 0.0 12516.59375 12433.0 12493.045086596385 83
840 0.1 12492.83984375 0.0 12516.59375 12433.0 12493.044038318452 84
850 0.1 12490.453125 0.0 12516.59375 12433.0 12493.041636029411 85
860 0.1 12488.78515625 0.0 12516.59375 12433.0 12493.011537063954 86
870 0.1 12487.83984375 0.0 12516.59375 12433.0 12492.962957974138 87
880 0.1 12488.09765625 0.0 12516.59375 12433.0 12492.904740767046 88
890 0.1 12472.2578125 0.0 12516.59375 12433.0 12492.850728581461 89
900 0.1 12485.71875 0.0 12516.59375 12433.0 12492.621918402778 90
910 0.1 12467.28125 0.0 12516.59375 12433.0 12492.54605940934 91
916 0.1 12372.015625 0.0 12516.59375 12372.015625 12492.27144191576 92
