0 0.1 0.69921875 0 0.69921875 0.69921875 0 0
10 0.1 0.58984375 0.0 0.69921875 0.58984375 0.69921875 1
20 0.1 0.578125 0.0 0.69921875 0.578125 0.64453125 2
30 0.1 0.48828125 0.0 0.69921875 0.48828125 0.6223958333333334 3
40 0.1 0.41015625 0.0 0.69921875 0.41015625 0.5888671875 4
50 0.1 0.3515625 0.0 0.69921875 0.3515625 0.553125 5
60 0.1 0.2890625 0.0 0.69921875 0.2890625 0.51953125 6
70 0.1 0.25 0.0 0.69921875 0.25 0.48660714285714285 7
80 0.1 0.37109375 0.0 0.69921875 0.25 0.45703125 8
90 0.1 0.30859375 0.0 0.69921875 0.25 0.4474826388888889 9
100 0.1 0.26171875 0.0 0.69921875 0.25 0.43359375 10
110 0.1 0.30078125 0.0 0.69921875 0.25 0.41796875 11
120 0.1 0.25 0.0 0.69921875 0.25 0.408203125 12
130 0.1 0.2109375 0.0 0.69921875 0.2109375 0.39603365384615385 13
140 0.1 0.1796875 0.0 0.69921875 0.1796875 0.3828125 14
150 0.1 0.23046875 0.0 0.69921875 0.1796875 0.3692708333333333 15
160 0.1 0.19921875 0.0 0.69921875 0.1796875 0.360595703125 16
170 0.1 0.16015625 0.0 0.69921875 0.16015625 0.35110294117647056 17
180 0.1 0.140625 0.0 0.69921875 0.140625 0.3404947916666667 18
190 0.1 0.12109375 0.0 0.69921875 0.12109375 0.3299753289473684 19
200 0.1 0.1015625 0.0 0.69921875 0.1015625 0.31953125 20
210 0.1 0.078125 0.0 0.69921875 0.078125 0.3091517857142857 21
220 0.1 0.0703125 0.0 0.69921875 0.0703125 0.2986505681818182 22
230 0.1 0.05859375 0.0 0.69921875 0.05859375 0.28872282608695654 23
240 0.1 0.05078125 0.0 0.69921875 0.05078125 0.2791341145833333 24
250 0.1 0.0390625 0.0 0.69921875 0.0390625 0.27 25
260 0.1 0.03125 0.0 0.69921875 0.03125 0.26111778846153844 26
270 0.1 0.03125 0.0 0.69921875 0.03125 0.25260416666666663 27
280 0.1 0.1015625 0.0 0.69921875 0.03125 0.24469866071428567 28
290 0.1 0.08984375 0.0 0.69921875 0.03125 0.23976293103448273 29
300 0.1 0.0703125 0.0 0.69921875 0.03125 0.23476562499999998 30
310 0.1 0.05859375 0.0 0.69921875 0.03125 0.22946068548387094 31
320 0.1 0.05078125 0.0 0.69921875 0.03125 0.22412109374999997 32
330 0.1 0.0390625 0.0 0.69921875 0.03125 0.2188683712121212 33
340 0.1 0.0390625 0.0 0.69921875 0.03125 0.2135799632352941 34
350 0.1 0.03125 0.0 0.69921875 0.03125 0.20859374999999997 35
360 0.1 0.1015625 0.0 0.69921875 0.03125 0.2036675347222222 36
370 0.1 0.078125 0.0 0.69921875 0.03125 0.2009079391891892 37
380 0.1 0.0703125 0.0 0.69921875 0.03125 0.19767680921052633 38
390 0.1 0.05859375 0.0 0.69921875 0.03125 0.19441105769230768 39
400 0.1 0.12890625 0.0 0.69921875 0.03125 0.191015625 40
410 0.1 0.109375 0.0 0.69921875 0.03125 0.18950076219512196 41
420 0.1 0.08984375 0.0 0.69921875 0.03125 0.187593005952381 42
430 0.1 0.078125 0.0 0.69921875 0.03125 0.18531976744186052 43
440 0.1 0.0703125 0.0 0.69921875 0.03125 0.18288352272727276 44
450 0.1 0.05859375 0.0 0.69921875 0.03125 0.1803819444444445 45
460 0.1 0.12890625 0.0 0.69921875 0.03125 0.17773437500000003 46
470 0.1 0.109375 0.0 0.69921875 0.03125 0.1766954787234043 47
480 0.1 0.08984375 0.0 0.69921875 0.03125 0.17529296875000003 48
490 0.1 0.078125 0.0 0.69921875 0.03125 0.17354910714285718 49
500 0.1 0.140625 0.0 0.69921875 0.03125 0.17164062500000005 50
510 0.1 0.12109375 0.0 0.69921875 0.03125 0.17103247549019612 51
520 0.1 0.1015625 0.0 0.69921875 0.03125 0.17007211538461542 52
530 0.1 0.08984375 0.0 0.69921875 0.03125 0.1687794811320755 53
540 0.1 0.0703125 0.0 0.69921875 0.03125 0.16731770833333337 54
550 0.1 0.05859375 0.0 0.69921875 0.03125 0.1655539772727273 55
560 0.1 0.12109375 0.0 0.69921875 0.03125 0.16364397321428575 56
570 0.1 0.109375 0.0 0.69921875 0.03125 0.16289747807017546 57
580 0.1 0.08984375 0.0 0.69921875 0.03125 0.16197467672413796 58
590 0.1 0.0703125 0.0 0.69921875 0.03125 0.16075211864406783 59
600 0.1 0.05859375 0.0 0.69921875 0.03125 0.1592447916666667 60
610 0.1 0.05078125 0.0 0.69921875 0.03125 0.15759477459016397 61
620 0.1 0.0390625 0.0 0.69921875 0.03125 0.15587197580645165 62
630 0.1 0.109375 0.0 0.69921875 0.03125 0.15401785714285718 63
640 0.1 0.08984375 0.0 0.69921875 0.03125 0.15332031250000003 64
650 0.1 0.16015625 0.0 0.69921875 0.03125 0.15234375000000003 65
660 0.1 0.12890625 0.0 0.69921875 0.03125 0.15246212121212124 66
670 0.1 0.19140625 0.0 0.69921875 0.03125 0.15211054104477614 67
680 0.1 0.16015625 0.0 0.69921875 0.03125 0.15268841911764708 68
690 0.1 0.12890625 0.0 0.69921875 0.03125 0.15279664855072467 69
700 0.1 0.26953125 0.0 0.69921875 0.03125 0.15245535714285716 70
710 0.1 0.23046875 0.0 0.69921875 0.03125 0.15410431338028172 71
720 0.1 0.19140625 0.0 0.69921875 0.03125 0.15516493055555558 72
730 0.1 0.16015625 0.0 0.69921875 0.03125 0.1556613869863014 73
740 0.1 0.140625 0.0 0.69921875 0.03125 0.1557221283783784 74
750 0.1 0.12109375 0.0 0.69921875 0.03125 0.15552083333333336 75
760 0.1 0.1015625 0.0 0.69921875 0.03125 0.15506784539473686 76
770 0.1 0.078125 0.0 0.69921875 0.03125 0.1543729707792208 77
780 0.1 0.0703125 0.0 0.69921875 0.03125 0.1533954326923077 78
790 0.1 0.05859375 0.0 0.69921875 0.03125 0.15234375000000003 79
800 0.1 0.05078125 0.0 0.69921875 0.03125 0.151171875 80
810 0.1 0.0390625 0.0 0.69921875 0.03125 0.14993248456790123 81
820 0.1 0.03125 0.0 0.69921875 0.03125 0.14858041158536586 82
830 0.1 0.03125 0.0 0.69921875 0.03125 0.1471667921686747 83
840 0.1 0.01953125 0.0 0.69921875 0.01953125 0.14578683035714285 84
850 0.1 0.01953125 0.0 0.69921875 0.01953125 0.14430147058823528 85
860 0.1 0.01953125 0.0 0.69921875 0.01953125 0.1428506540697674 86
870 0.1 0.08984375 0.0 0.69921875 0.01953125 0.14143318965517238 87
880 0.1 0.078125 0.0 0.69921875 0.01953125 0.14084694602272724 88
890 0.1 0.0703125 0.0 0.69921875 0.01953125 0.14014220505617975 89
900 0.1 0.05859375 0.0 0.69921875 0.01953125 0.13936631944444441 90
910 0.1 0.05078125 0.0 0.69921875 0.01953125 0.13847870879120874 91
916 0.1 0.109375 0.0 0.69921875 0.01953125 0.13752547554347822 92
