0 13.2 62.585174242424245 9.095129651978926 85.937 51.389 0 0
10 17.1 64.66718713450285 9.838677960567884 86.135 51.144 62.585174242424245 132
20 16.9 64.26691124260358 9.778770921325801 91.501 51.144 63.760171617161674 303
30 20 64.85285000000005 9.858451887466918 91.501 50.751 63.94161016949152 472
40 17.5 65.54882285714292 10.081573766462284 95.442 50.751 64.2128125 672
50 18.5 64.65235675675672 10.325992312358496 103.906 50.564 64.4888476977568 847
60 20.8 65.4684375 10.253779872748689 103.906 50.459 64.51815891472867 1032
70 21.6 64.772324074074 9.616150373035342 103.906 50.418 64.67756048387096 1240
80 18.7 63.94024598930478 9.678141484943836 103.906 50.418 64.6916188186813 1456
90 21.3 63.621408450704266 9.67225496851128 103.906 49.963 64.60610042604989 1643
100 21.2 65.16090094339613 9.915215909532208 103.906 49.877 64.4930942887931 1856
110 19.7 64.83714720812176 11.599236861981925 138.477 49.877 64.56155415860735 2068
120 20.8 64.63250000000005 10.048066573973317 138.477 49.877 64.58552406181015 2265
130 20.2 62.95535148514856 8.874011010589415 138.477 49.877 64.58947513141932 2473
140 16.3 64.42523926380363 9.588709251746655 138.477 49.877 64.46607588785045 2675
150 19 63.88743157894742 9.097618366366852 138.477 49.877 64.46373044397461 2838
160 20.7 65.44357971014495 10.516289498837336 138.477 49.877 64.42756902245706 3028
170 20 64.49884999999996 9.97789697368639 138.477 49.877 64.49258114374034 3235
180 17.3 63.77275722543356 9.696901758881925 138.477 49.877 64.4929461426492 3435
190 18.3 64.37327322404369 9.105594566921587 138.477 49.877 64.45841380266076 3608
200 19.3 63.35462694300518 9.565163555324242 138.477 49.877 64.45430387760486 3791
210 18.6 64.06938172043007 9.386969101548663 138.477 49.823 64.40103137550201 3984
220 19.3 63.804911917098494 9.265179213739348 138.477 49.823 64.38623836930455 4170
230 18.3 63.89420765027326 9.065823864951494 138.477 49.823 64.36052303460922 4363
240 15 64.08447333333329 9.295631959651203 138.477 49.823 64.34175142982842 4546
250 19.7 64.1824111675126 10.228791983420054 138.477 49.66 64.33353343270869 4696
260 18.4 63.62826086956522 9.249240805353992 138.477 49.66 64.32744900878807 4893
270 19.5 63.73949230769234 9.072334819698291 138.477 49.66 64.30210911955879 5077
280 23 64.58121739130436 10.228230693426813 138.477 49.66 64.28129912746586 5272
290 19.4 63.73462371134021 9.615183224509092 138.477 49.66 64.29383660487096 5502
300 19.1 64.71312565445024 9.534752724271707 138.477 49.66 64.27479037921348 5696
310 20.2 64.40118811881183 9.80235091645692 138.477 49.66 64.28901189060642 5887
320 19 62.99894210526316 8.80521434222005 138.477 49.66 64.2927332895385 6089
330 19.8 64.21228282828274 9.61809867604977 138.477 49.66 64.25358369167064 6279
340 19.5 64.10068205128209 9.261693145946793 138.477 49.66 64.25232113632855 6477
350 21.6 63.39501388888888 9.539920146066505 138.477 49.449 64.24788923860912 6672
360 19.3 63.678056994818604 9.304374568767237 138.477 49.449 64.22114401858305 6888
370 20 63.079800000000006 9.349678302487204 138.477 48.913 64.20634161841548 7081
380 22.1 63.194606334841644 9.98477654960191 138.477 48.913 64.17539692349952 7281
390 22 63.0367181818182 9.755560158775484 138.477 48.913 64.14650399893362 7502
400 21.1 64.63833175355447 9.697040625607327 138.477 48.913 64.11488616938617 7722
410 18.5 63.772102702702725 9.088643134554797 138.477 48.913 64.12880864742216 7933
420 22.5 63.903897777777736 9.408180042837163 138.477 48.913 64.12067972406996 8118
430 21.5 63.76466976744181 8.988952771753052 138.477 48.913 64.11483339326381 8343
440 21.2 64.04592452830192 9.927440022481344 138.477 48.913 64.10603634026641 8558
450 21.8 64.26678899082577 9.423100588372941 138.477 48.913 64.10458323831243 8770
460 17.6 64.01855113636364 9.230932531790923 138.477 48.913 64.10851746773476 8988
470 20.3 63.94196059113301 9.790908652157887 138.477 48.913 64.10678961152335 9164
480 21.5 64.61293953488368 9.411705072078377 138.477 48.913 64.10321746557062 9367
490 19.1 64.04329319371722 10.264126771686009 138.477 48.913 64.11465456063452 9582
500 20.8 63.62941346153846 10.043099124341907 138.477 48.913 64.11325989972373 9773
510 18.1 64.30172928176793 9.474427125565473 138.477 48.913 64.103176735798 9981
520 17.5 64.06120000000001 9.383811189185643 138.477 48.913 64.1067132454241 10162
530 22.4 63.595660714285735 9.514012574556215 138.477 48.913 64.105942729999 10337
540 18.6 64.04106451612907 8.990360504817943 138.477 48.913 64.09511959094779 10561
550 21.8 63.61001376146787 9.379781471055967 138.477 48.913 64.09418405136314 10747
560 19.4 64.27321649484531 9.819820402988256 138.477 48.913 64.08455804833558 10965
570 20.5 64.28959512195115 9.706090406668137 138.477 48.913 64.08783788869967 11159
580 19.8 63.172075757575776 8.829387345580733 138.477 48.913 64.09147747272084 11364
590 20.2 64.13046039603954 8.873974171974307 138.477 48.913 64.07573265870953 11562
600 20.3 64.69912807881768 9.341822226718698 138.477 48.913 64.07667239034339 11764
610 21.3 63.38215492957747 9.745437742256806 138.477 48.913 64.0872313027492 11967
620 18.2 65.17998351648352 9.940048630386752 138.477 48.913 64.07490114942527 12180
630 19.7 63.31956852791876 9.083879016221236 138.477 48.913 64.09117076524834 12362
640 20.8 63.769211538461505 9.508467556981753 138.477 48.913 64.07906744167529 12559
650 18.1 63.975066298342554 9.02605209343457 138.477 48.913 64.07401926842641 12767
660 20.6 63.05694660194171 9.288156312817058 138.477 48.913 64.0726360055607 12948
670 19.8 64.41287878787881 9.682421510579882 138.477 48.913 64.05672966398053 13154
680 22.6 64.05983185840702 9.694923080566445 138.477 48.913 64.06201108448172 13352
690 19.8 64.6009646464647 10.884686334468268 138.477 48.913 64.0619748121962 13578
700 20.1 62.71882587064677 9.151458838902501 138.477 48.913 64.06972161730546 13776
710 21.6 63.839375000000004 10.314633428394481 138.477 48.913 64.05029469843315 13977
720 21.1 64.28011374407585 9.472837656514711 138.477 48.913 64.04708476009301 14193
730 24.9 64.48136144578321 9.727295894107757 138.477 48.913 64.05049833379618 14404
740 18.2 64.39988461538462 9.832928800991477 138.477 48.913 64.05782003685255 14653
750 20.9 63.74732535885167 9.750774623596337 138.477 48.913 64.0620165824065 14835
760 23.5 64.12391914893618 9.291599245684205 138.477 48.913 64.05764470885406 15044
770 18.4 63.77509239130436 9.293065866732052 138.477 48.913 64.05866404869431 15279
780 23.2 64.14802155172414 10.36101273610061 138.477 48.913 64.05528972385697 15463
790 20.8 63.63826923076919 8.97876514148668 138.477 48.913 64.05666046511631 15695
800 19.7 64.01273604060913 8.99858554262218 138.477 48.913 64.05118820348365 15903
810 19.2 63.80611979166667 9.05722608446013 138.477 48.913 64.05071770186338 16100
820 21.5 63.90987906976748 9.927456911025077 138.477 48.913 64.04783513380804 16292
830 19.6 63.93038265306119 8.928182155600132 138.477 48.913 64.04603828678746 16507
840 21 63.429719047619045 9.428172965063855 138.477 48.913 64.04468113512546 16703
850 20.1 63.36667164179105 9.300819281392162 138.477 48.913 64.03704546798323 16913
860 19.5 63.09673846153847 9.94028934977442 138.477 48.913 64.02917208133695 17114
870 21.1 63.421165876777245 9.345141114059178 138.477 48.913 64.01866745623668 17309
880 19.5 63.033482051282014 8.944579013953497 138.477 48.913 64.01147151826487 17520
890 19.6 63.85945408163268 9.06666589783662 138.477 48.913 64.00070618120242 17715
900 4.9 67.5891224489796 6.6899060871131875 138.477 48.913 63.999160460052536 17911
910 1.1 72.09536363636364 3.688000598321964 138.477 48.913 64.00895489977734 17960
916 0.1 101.267 0.0 138.477 48.913 64.01390456847149 17971
