0 5 1889.1088 1537.1313236370404 6724.85 173.488 0 0
10 8.2 4054.6872073170734 3457.259058843241 15704.196 173.488 1889.1088 50
20 8.2 5588.140121951216 5075.259347644054 23566.371 173.488 3234.3923560606063 132
30 10.3 5159.898902912624 4533.93153074493 23566.371 156.18 4136.295705607476 214
40 9.1 5497.71467032967 4943.357610974268 25345.552 156.18 4468.886018927445 317
50 8 4262.7383624999975 3417.364482950747 25345.552 156.18 4698.3551544117645 408
60 10.5 5687.978657142857 4578.624739648201 25345.552 140.673 4626.94256557377 488
70 11.5 4747.034034782609 5085.726237089703 37624.326 140.673 4814.815735244519 593
80 8.9 5625.406887640446 5330.796183488464 37624.326 140.673 4803.805995762711 708
90 10.1 5322.553049504946 5117.461914017448 37624.326 140.673 4895.553146800501 797
100 11.5 5335.877052173912 4964.815460882878 37624.326 128.338 4943.578748329621 898
110 10 4716.3791 4874.743389449129 37624.326 126.583 4988.114093780848 1013
120 10 5298.146189999995 5091.470527295762 37624.326 126.583 4963.699449236297 1113
130 10 4606.36846 4748.8977285066485 37624.326 126.583 4991.271315746083 1213
140 8 5726.6857999999975 5251.968390991323 37624.326 126.583 4961.956551408986 1313
150 9.5 6543.970578947368 6254.823472014905 37624.326 126.583 5005.874957645368 1393
160 10.5 5349.4750476190475 5053.262435931303 37624.326 126.583 5104.073266801074 1488
170 10.4 5205.909307692313 4614.898043998758 37624.326 126.583 5120.248525423728 1593
180 8.2 6047.794768292683 8838.23165757701 67115.681 126.583 5125.498213906893 1697
190 9.2 4830.998619565221 4737.051198231106 67115.681 126.583 5168.009915682967 1779
200 9.8 5820.194632653062 5307.601921704298 67115.681 126.583 5151.438542490646 1871
210 9 5471.22388888889 4713.256935683653 67115.681 126.583 5184.723507872016 1969
220 10.2 5287.509382352936 5548.276947133205 67115.681 126.583 5197.246593977659 2059
230 9 4894.390488888891 4506.291546674129 67115.681 126.583 5201.507031004164 2161
240 8 4780.252812499997 4538.601592531849 67115.681 126.583 5189.227826743669 2251
250 9.6 4977.607625000001 5351.695235984401 67115.681 126.583 5175.191790218789 2331
260 8.9 4572.769707865172 5033.141309404616 67115.681 126.583 5167.376347342397 2427
270 9.8 5204.834040816327 4996.592117852611 67115.681 126.583 5146.34296462639 2516
280 12 5148.283683333332 4998.888344627102 67115.681 126.583 5148.535820581484 2614
290 9 4298.92524444444 3884.157857311033 67115.681 126.583 5148.524753840526 2734
300 9.9 5301.854343434345 4536.467867759536 67115.681 126.583 5121.448282223795 2824
310 10.6 4641.934349056604 4034.9963145287397 67115.681 126.583 5127.558511460827 2923
320 8.8 4688.35180681818 4042.8873089966874 67115.681 126.583 5110.564070650378 3029
330 9.7 4695.800226804122 4443.999039015227 67115.681 126.583 5098.644058068654 3117
340 10.3 6045.867679611652 5432.462327540611 67115.681 126.583 5086.486045737397 3214
350 10.5 4804.423561904759 4346.546246899503 67115.681 126.583 5116.276913476031 3317
360 9.4 4209.513819148936 3618.526829131932 67115.681 126.583 5106.708064289887 3422
370 10.1 5165.216702970295 4275.649359895651 67115.681 126.583 5082.721642491466 3516
380 10.9 5479.31486238532 5902.11213065155 67115.681 126.583 5085.025209289464 3617
390 10.4 5634.845682692308 4628.580282555973 67115.681 126.583 5096.559716049381 3726
400 11.2 5623.7282321428565 5637.719210850221 67115.681 126.583 5111.176358485638 3830
410 9.1 5596.246472527473 4617.559536981366 67115.681 126.583 5125.738968797563 3942
420 10.7 4775.543626168227 4476.468849605464 67115.681 126.583 5136.3554287131155 4033
430 11.2 5174.262526785712 5542.4379807590085 67115.681 126.583 5127.030099516907 4140
440 10.9 4858.31853211009 4912.04415949124 67115.681 126.583 5128.274227422388 4252
450 10.7 6005.8406822429915 6157.809283363908 67115.681 126.583 5121.526882595734 4361
460 9 5530.867777777777 4659.768876242289 67115.681 126.583 5142.704495971351 4468
470 9.7 4319.651092783504 4831.958194502889 67115.681 126.583 5150.36897498903 4558
480 11 4705.545736363636 3882.2646460342353 67115.681 126.583 5133.058634586466 4655
490 9.8 4983.854632653061 4624.72200313104 67115.681 126.583 5123.1895015739765 4765
500 10.4 4735.74723076923 4275.065155969147 67115.681 126.583 5120.381601686202 4863
510 9.4 5399.175191489365 5058.935458669311 67115.681 126.583 5112.328053352124 4967
520 8.5 5388.769352941178 5992.518701254198 67115.681 126.583 5117.655781268523 5061
530 11.3 5076.530805309732 6203.47290318153 67115.681 126.583 5122.133949475319 5146
540 9.5 4382.750042105261 3880.3344175727325 67115.681 126.583 5121.154075869936 5259
550 10.8 4831.3277685185185 4933.520048084119 67115.681 126.583 5108.052024467686 5354
560 9.7 4400.833886597939 4016.1276166502585 67115.681 126.583 5102.580362138409 5462
570 10.1 5543.637326732674 5543.11169568899 67115.681 126.583 5090.3354605144805 5559
580 9.5 5001.985063157897 5958.404681117663 67115.681 126.583 5098.424416077738 5660
590 10 4788.105699999999 4443.322690510886 67115.681 126.583 5096.83245456125 5755
600 11 4900.866090909093 4384.028420379492 67115.681 126.583 5091.55958087105 5855
610 9.8 4338.309102040816 4394.38842994426 67115.681 126.583 5088.043020284995 5965
620 10 5767.9525699999995 5631.414620063996 67115.681 126.583 5075.924609599207 6063
630 9.3 3947.9223655913984 3376.1072834417905 67115.681 126.583 5087.153361187731 6163
640 10.5 5449.826561904762 5896.429698618973 67115.681 126.583 5070.217862052428 6256
650 9.6 4793.15527083333 4566.567205392565 67115.681 126.583 5076.484001572079 6361
660 9.9 3912.8901919191917 3665.79305966498 67115.681 126.583 5072.2715874245005 6457
670 9.5 4437.805747368424 5249.0569617241645 67115.681 126.583 5054.764150244051 6556
680 11.2 5051.871267857142 4478.042480327052 67115.681 126.583 5045.951783942264 6651
690 10.1 4769.86897029703 4301.237440372324 67115.681 126.583 5046.049814727192 6763
700 9.6 4995.302875000001 4532.541637410362 67115.681 126.583 5041.985964889278 6864
710 10.3 4596.385757281553 4149.144472408702 67115.681 126.583 5041.342060201149 6960
720 10.9 6122.597311926606 5590.011521898748 67115.681 126.583 5034.853245363161 7063
730 12.5 6141.994503999996 5908.6697293123525 67115.681 126.583 5051.3847711935305 7172
740 10 5304.5636399999985 4474.226691796149 67115.681 126.583 5070.067273125943 7297
750 10.6 4942.824924528301 4772.136364099745 67115.681 126.583 5073.237428146546 7397
760 11.9 4664.153378151263 5285.792760798671 67115.681 126.583 5071.3950017326415 7503
770 9.2 5227.608086956525 6264.319124384292 67115.681 126.583 5065.036860404094 7622
780 11 4808.966609090914 5703.457909141987 67115.681 126.583 5066.975744620171 7714
790 10.6 4645.007245283019 4721.566344321396 67115.681 126.583 5063.348315567485 7824
800 10.1 5097.685534653464 4934.0016410592925 67115.681 126.583 5057.756366834805 7930
810 9.5 6057.419747368422 5903.435779582252 67115.681 126.583 5058.258526709003 8031
820 10.7 4349.422345794393 3728.0038510137038 67115.681 126.583 5069.939589465912 8126
830 9.6 5573.702260416666 5089.953856412096 67115.681 126.583 5060.575403255193 8233
840 10.3 5164.501320388349 4836.247537655791 67115.681 126.583 5066.489700084045 8329
850 10.7 5134.201046728971 4783.999767700676 67115.681 126.583 5067.686948292221 8432
860 9.4 4450.761595744683 3766.736634272657 67115.681 126.583 5068.520419252841 8539
870 10.4 4383.234567307692 4988.463737341348 67115.681 126.583 5061.793982393144 8633
880 10.1 5443.729534653471 4453.620347619348 67115.681 126.583 5053.716818702073 8737
890 9.9 4380.886515151518 3822.6844420734433 67115.681 126.583 5058.173854718263 8838
900 3.7 8703.696378378376 6393.772459005971 67115.681 126.583 5050.671175226587 8937
910 1.1 17207.672454545453 4323.282348995587 67115.681 126.583 5065.73267873858 8974
916 0.1 22542.597 0.0 67115.681 126.583 5080.597602225934 8985
