0 32.7484375 32.7484375
10 43.6734375 76.421875
20 43.07109375 119.49296875
30 51.5734375 171.06640625
40 45.01640625 216.0828125
50 46.9 262.9828125
60 53.58359375 316.56640625
70 55.51484375 372.08125
80 47.7859375 419.8671875
90 54.09765625 473.96484375
100 54.86875 528.83359375
110 50.534375 579.36796875
120 53.2875 632.65546875
130 51.89296875 684.5484375
140 41.66484375 726.21328125
150 48.54921875 774.7625
160 53.9953125 828.7578125
170 51.303125 880.0609375
180 43.5203125 923.58125
190 47.0734375 970.6546875
200 50.26484375 1020.91953125
210 46.8953125 1067.81484375
220 49.78515625 1117.6
230 46.82734375 1164.42734375
240 38.63515625 1203.0625
250 50.6015625 1253.6640625
260 47.31953125 1300.98359375
270 49.7109375 1350.69453125
280 59.29453125 1409.9890625
290 49.38359375 1459.37265625
300 48.81953125 1508.1921875
310 52.53203125 1560.72421875
320 48.3265625 1609.05078125
330 50.08515625 1659.1359375
340 50.34453125 1709.48046875
350 55.2921875 1764.77265625
360 49.6546875 1814.42734375
370 51.21640625 1865.64375
380 56.5453125 1922.1890625
390 56.065625 1978.2546875
400 54.475 2032.7296875
410 47.63203125 2080.36171875
420 56.8828125 2137.24453125
430 55.53125 2192.77578125
440 54.40703125 2247.1828125
450 55.92578125 2303.10859375
460 45.2109375 2348.31953125
470 51.7875 2400.10703125
480 55.015625 2455.12265625
490 49.0890625 2504.21171875
500 53.134375 2557.34609375
510 46.55078125 2603.896875
520 45.29765625 2649.19453125
530 57.42421875 2706.61875
540 47.2078125 2753.8265625
550 55.86953125 2809.69609375
560 50.1953125 2859.89140625
570 52.04609375 2911.9375
580 50.62578125 2962.56328125
590 51.86171875 3014.425
600 52.82109375 3067.24609375
610 53.50859375 3120.7546875
620 47.13671875 3167.89140625
630 50.24453125 3218.1359375
640 53.43046875 3271.56640625
650 46.7109375 3318.27734375
660 52.79609375 3371.0734375
670 50.6390625 3421.7125
680 57.8484375 3479.5609375
690 50.8484375 3530.409375
700 52.03984375 3582.44921875
710 54.14765625 3636.596875
720 55.27421875 3691.87109375
730 63.1484375 3755.01953125
740 46.675 3801.69453125
750 53.98359375 3855.678125
760 60.3265625 3916.0046875
770 47.06015625 3963.06484375
780 59.21875 4022.28359375
790 53.31328125 4075.596875
800 51.0828125 4126.6796875
810 48.603125 4175.2828125
820 55.3890625 4230.671875
830 49.81484375 4280.48671875
840 54.13046875 4334.6171875
850 51.51875 4386.1359375
860 50.0609375 4436.196875
870 53.7484375 4489.9453125
880 50.11015625 4540.05546875
890 50.4796875 4590.53515625
900 13.32890625 4603.8640625
910 3.1296875 4606.99375
916 0.2828125 4607.2765625
