0 95.4234375 95.4234375
10 108.309375 203.7328125
20 108.36953125 312.10234375
30 124.765625 436.86796875
40 104.91953125 541.7875
50 121.6203125 663.4078125
60 129.75625 793.1640625
70 130.8234375 923.9875
80 118.290625 1042.278125
90 138.43359375 1180.71171875
100 125.7125 1306.42421875
110 122.5671875 1428.99140625
120 129.75625 1558.74765625
130 128.62890625 1687.3765625
140 100.04921875 1787.42578125
150 121.14296875 1908.56875
160 126.18984375 2034.75859375
170 122.80390625 2157.5625
180 111.51875 2269.08125
190 111.871875 2380.953125
200 121.3796875 2502.3328125
210 116.03203125 2618.36484375
220 116.80234375 2735.1671875
230 115.14140625 2850.30859375
240 92.26640625 2942.575
250 125.1828125 3067.7578125
260 116.0921875 3183.85
270 122.62734375 3306.47734375
280 139.55703125 3446.034375
290 124.94609375 3570.98046875
300 117.51640625 3688.496875
310 122.08984375 3810.58671875
320 124.4125 3934.99921875
330 124.82578125 4059.825
340 117.39609375 4177.22109375
350 136.0546875 4313.27578125
360 121.3796875 4434.65546875
370 124.765625 4559.42109375
380 139.50078125 4698.921875
390 141.165625 4840.0875
400 126.06953125 4966.15703125
410 115.73515625 5081.8921875
420 143.30390625 5225.19609375
430 131.834375 5357.03046875
440 130.94375 5487.97421875
450 135.99453125 5623.96875
460 108.4859375 5732.4546875
470 130.23359375 5862.68828125
480 131.834375 5994.52265625
490 120.7859375 6115.30859375
500 128.4484375 6243.75703125
510 110.62421875 6354.38125
520 111.45859375 6465.83984375
530 137.77578125 6603.615625
540 115.378125 6718.99375
550 135.99453125 6854.98828125
560 121.6765625 6976.66484375
570 126.90390625 7103.56875
580 128.74921875 7232.31796875
590 124.0515625 7356.36953125
600 123.69453125 7480.0640625
610 136.471875 7616.5359375
620 108.30546875 7724.84140625
630 125.83671875 7850.678125
640 129.10234375 7979.78046875
650 108.6625 8088.44296875
660 132.43203125 8220.875
670 125.4796875 8346.3546875
680 140.98515625 8487.33984375
690 122.8640625 8610.20390625
700 130.29375 8740.49765625
710 135.40078125 8875.8984375
720 129.99296875 9005.89140625
730 155.00625 9160.89765625
740 110.2671875 9271.16484375
750 128.7453125 9399.91015625
760 146.27265625 9546.1828125
770 115.43828125 9661.62109375
780 146.68984375 9808.3109375
790 131.0640625 9939.375
800 119.29765625 10058.67265625
810 120.42890625 10179.1015625
820 136.41171875 10315.51328125
830 120.9625 10436.47578125
840 131.00390625 10567.4796875
850 122.446875 10689.9265625
860 124.5890625 10814.515625
870 131.9546875 10946.4703125
880 120.01171875 11066.48203125
890 119.6546875 11186.13671875
900 21.73984375 11207.8765625
910 3.265625 11211.1421875
916 0.296875 11211.4390625
