0 4.6 74.49023913043477 3.836606602901232 86.312 68.755 0 0
10 8.3 74.26879518072289 4.65599281082291 86.633 67.155 74.49023913043477 46
20 8 73.83352499999998 5.324941422154335 91.872 66.885 74.34775968992247 129
30 10 74.14913 4.790814946655737 91.872 66.77 74.15092344497607 209
40 9.4 74.08570212765956 5.7297488263797165 95.524 66.77 74.15034304207119 309
50 8.3 73.26121686746984 5.286685013777178 95.524 65.713 74.13526550868485 403
60 10.4 74.9684326923077 5.372299621785714 95.524 65.713 73.98599382716047 486
70 11.4 73.15076315789473 4.914630184196424 95.524 65.713 74.1591694915254 590
80 9.1 73.3294175824176 4.531276418347388 95.524 65.713 73.99587642045452 704
90 9.8 73.46781632653054 4.179229953840823 95.524 65.713 73.91958993710689 795
100 11.6 73.5162327586207 5.219998633170911 95.524 65.713 73.87001119820825 893
110 9.9 74.17123232323236 7.961150006806451 138.833 65.713 73.82933894945488 1009
120 10.4 73.67458653846147 6.233855510915583 138.833 65.713 73.85988718411551 1108
130 9.7 71.51137113402066 4.234910834927379 138.833 65.566 73.84398679867984 1212
140 8.4 72.82726190476188 5.4962256077608265 138.833 65.566 73.67113445378149 1309
150 9.1 72.81926373626368 4.367136753634892 138.833 65.566 73.62024766690594 1393
160 10.8 74.29164814814823 6.030700905635873 138.833 65.566 73.57113072776279 1484
170 10.3 73.61167961165052 4.662293868971831 138.833 65.566 73.62001005025125 1592
180 8.1 73.5033456790124 4.874112637594948 138.833 65.566 73.61950383480826 1695
190 9.5 72.69989473684211 3.9356468483891507 138.833 65.566 73.61420608108108 1776
200 9.5 72.6304210526316 4.257783909819129 138.833 65.214 73.56778193479423 1871
210 9.3 73.04807526881721 4.090033097209617 138.833 65.214 73.52248728382503 1966
220 10.2 72.157137254902 4.2098428130481125 138.833 65.214 73.50105925206411 2059
230 9 72.39727777777782 4.172853345740987 138.833 65.214 73.4376256362795 2161
240 7.7 72.70616883116885 3.947084797678848 138.833 65.214 73.39603020879609 2251
250 9.5 73.21556842105265 5.880268516340554 138.833 65.214 73.37321262886599 2328
260 9 72.36156666666668 5.016768893864303 138.833 65.214 73.36703177878663 2423
270 9.6 72.39988541666663 4.166842996776739 138.833 65.214 73.33102228412257 2513
280 12.1 73.15633057851237 6.662663676234806 138.833 65.214 73.2967604446148 2609
290 9.1 73.06850549450542 4.9328422571055555 138.833 65.214 73.29053626373627 2730
300 9.8 73.29921428571429 5.008340980050076 138.833 65.214 73.28337398085786 2821
310 10.7 72.86014018691588 5.284297259087883 138.833 65.214 73.283905789654 2919
320 8.6 72.18265116279072 3.7739101823386183 138.833 65.214 73.26892134831462 3026
330 9.7 73.38767010309276 4.494931568855513 138.833 65.214 73.2389023136247 3112
340 10.4 72.11824038461542 4.876088447514508 138.833 65.214 73.24339918977877 3209
350 10.6 72.29616037735848 5.194390032901047 138.833 65.214 73.20807878056145 3313
360 9.5 72.5624315789474 4.035537529323907 138.833 65.214 73.1798063761334 3419
370 10 71.78609999999999 4.66394117994642 138.833 65.214 73.16311582242461 3514
380 10.8 72.65637962962967 5.543273106704285 138.833 65.182 73.1250135583841 3614
390 10.4 72.60591346153846 4.823165081766604 138.833 65.182 73.11141536808171 3722
400 11.4 72.97695614035092 4.892749240422539 138.833 65.182 73.09767459487719 3826
410 9.2 72.33686956521738 4.154278580748409 138.833 65.182 73.09418172588838 3940
420 10.8 72.92780555555552 4.991084094103565 138.833 65.182 73.07690178571434 4032
430 11.1 72.01511711711714 3.923875604687075 138.833 65.103 73.07301231884063 4140
440 10.8 72.97191666666669 5.362862832627185 138.833 65.103 73.04538908492124 4251
450 10.9 73.13841284403676 4.399434025757292 138.833 65.103 73.04356870841941 4359
460 9 72.25565555555559 4.922657062921991 138.833 65.103 73.04588249776191 4468
470 9.6 73.55951041666665 5.020087845751124 138.833 65.103 73.03027906976749 4558
480 11.1 72.80148648648651 5.727548705837889 138.833 65.103 73.04119574559523 4654
490 9.3 73.93722580645158 5.237785112477919 138.833 65.103 73.03561175236102 4765
500 10.6 72.4331037735849 5.9784485128924985 138.833 64.872 73.05287196377117 4858
510 9.4 72.79894680851065 4.586409301883632 138.833 64.872 73.03963759065276 4964
520 8.4 73.1471190476191 4.832842073732312 138.833 64.872 73.0351644918941 5058
530 11.5 72.20784347826091 5.108414760647894 138.833 64.872 73.03699338778692 5142
540 9.4 72.21881914893622 4.706189774190705 138.833 64.872 73.01885524063161 5257
550 10.9 72.40585321100919 4.017863403237704 138.833 64.872 73.004801158662 5351
560 9.6 73.23757291666672 5.271708326736527 138.833 64.872 72.99284413919422 5460
570 10.4 73.24178846153848 4.530650406850836 138.833 64.872 72.99707271418295 5556
580 9.1 72.12565934065934 4.0777315774848555 138.833 64.872 73.0015692579506 5660
590 10.4 72.3201923076923 3.986029087462193 138.833 64.872 72.98770944183627 5751
600 10.6 73.08788679245289 4.486947923302579 138.833 64.872 72.9758526046115 5855
610 10.1 72.76924752475249 5.566374459367588 138.833 64.872 72.9778448246939 5961
620 9.9 73.56860606060609 5.343035239644642 138.833 64.872 72.97436935004956 6062
630 9.4 72.2616382978724 3.9045773679571356 138.833 64.872 72.98391803278695 6161
640 10.5 72.68091428571428 4.205609680311433 138.833 64.872 72.97306362909677 6255
650 9.7 71.88938144329897 3.9051465419744265 138.833 64.872 72.96824040880509 6360
660 9.7 72.4054432989691 4.019172292510995 138.833 64.872 72.9520332971969 6457
670 9.6 73.61378124999997 5.297498773405402 138.833 64.872 72.9439436985048 6554
680 11.3 72.90693805309733 5.096606381385757 138.833 64.872 72.95361353383466 6650
690 10 74.55016000000005 6.012902872523385 138.833 64.872 72.95283365370405 6763
700 9.3 71.18315053763446 4.81361982574453 138.833 64.872 72.97610811598433 6863
710 10.7 73.0075981308411 6.802221703938295 138.833 64.872 72.9521367165038 6956
720 10.8 73.02972222222223 4.026377219714033 138.833 64.872 72.95297692198788 7063
730 12.5 73.27253600000007 5.447496863028378 138.833 64.872 72.95413275693772 7171
740 9.6 72.81207291666665 5.817125742231572 138.833 64.776 72.9595878563597 7296
750 10.7 72.47594392523366 5.453281669675445 138.833 64.776 72.95767207792214 7392
760 11.8 72.84902542372875 4.491187571727367 138.833 64.776 72.95079850646758 7499
770 9.1 72.49032967032964 4.766014862706293 138.833 64.776 72.94922187212818 7617
780 11.3 73.72824778761061 6.234197979842768 138.833 64.776 72.94380422937212 7708
790 10.2 72.25252941176475 4.271371058538834 138.833 64.636 72.95513808975839 7821
800 10.4 71.81732692307699 5.104726076509714 138.833 64.636 72.946092767891 7923
810 9.5 72.54311578947373 3.8509903684859723 138.833 64.636 72.93146816992655 8027
820 10.4 72.87919230769225 6.628078699855595 138.833 64.636 72.92692575720271 8122
830 10 72.1553 3.893506284828626 138.833 64.636 72.92632227084857 8226
840 10.5 72.18636190476191 5.153056385936798 138.833 64.636 72.91706185443195 8326
850 10.4 71.73428846153847 4.53131602694192 138.833 64.636 72.9079616890049 8431
860 9.4 72.02509574468088 7.144058051855382 138.833 64.636 72.89366033977744 8535
870 10.5 72.15540952380944 4.789247961036285 138.833 64.636 72.8841986325183 8629
880 10 71.43427 3.4969824130384164 138.833 64.636 72.87543714220294 8734
890 10.2 72.01253921568626 4.235753322520851 138.833 64.636 72.85912327371524 8834
900 3.8 71.05623684210525 3.351558015030672 138.833 64.636 72.84945993733218 8936
910 1.1 72.35918181818182 3.7322549318117395 138.833 64.636 72.84186661466464 8974
916 0.1 101.572 0.0 138.833 64.636 72.84127568169176 8985
