0 4.7 1833.4841489361697 1580.5106000403791 6646.033 99.602 0 0
10 8.2 3940.3019634146335 3468.993042886869 15632.837 99.602 1833.4841489361697 47
20 8 5504.88265 5153.844352639827 23489.519 99.602 3172.7016744186044 129
30 10.2 4964.067245098037 4523.492633412726 23489.519 85.089 4065.402526315789 209
40 9.2 5557.624184782606 4909.054896621792 25274.042 85.089 4360.141437299035 311
50 8.3 4191.762024096386 3392.483424113506 25274.042 85.089 4633.512188585607 403
60 10.4 5523.854596153846 4544.917135381625 25274.042 62.419 4558.069259259259 486
70 11.5 4680.890486956522 5028.587326999514 37552.635 62.419 4728.309386440677 590
80 9 5611.5921222222205 5442.722625343319 37552.635 62.419 4720.5743886524815 705
90 9.9 5274.760161616164 5116.966556101302 37552.635 62.419 4821.4443207547165 795
100 11.5 5272.58627826087 4993.355481589207 37552.635 55.606 4871.643725950782 894
110 10 4690.78512 4857.861904240788 37552.635 55.606 4917.340845391476 1009
120 10.3 5154.882067961164 5036.445598645478 37552.635 55.606 4896.912015329125 1109
130 9.8 4539.911061224491 4799.950594054982 37552.635 55.606 4918.835212871287 1212
140 8.3 5551.985349397591 5189.580883177218 37552.635 55.606 4890.488215267175 1310
150 9.2 6573.886097826092 6326.241210123418 37552.635 55.606 4929.902617372577 1393
160 10.7 5169.954672897192 4994.915968782661 37552.635 55.606 5031.752098989899 1485
170 10.5 5179.070295238096 4619.946285085928 37552.635 55.606 5041.040839824121 1592
180 8 6038.902975000001 8929.652999782222 67035.719 55.606 5049.58125987036 1697
190 9.4 4725.37529787234 4704.728049165701 67035.719 55.606 5094.120222847496 1777
200 9.8 5745.434969387756 5307.363158719718 67035.719 55.606 5075.594288615714 1871
210 9 5396.171966666669 4713.668213728462 67035.719 55.606 5108.9332356526165 1969
220 10.2 5213.3013137254875 5548.503500816697 67035.719 55.606 5121.488595434677 2059
230 9 4819.945555555557 4506.656943022745 67035.719 55.606 5125.822189726979 2161
240 7.7 4800.23190909091 4589.156372232263 67035.719 55.606 5113.592559751221 2251
250 9.6 4877.034812500001 5362.712540993447 67035.719 53.08 5103.227967783506 2328
260 9 4395.562122222223 4908.850505210236 67035.719 53.08 5094.269823019802 2424
270 9.7 5175.012453608248 5081.793536659753 67035.719 53.08 5069.256420843278 2514
280 12 5094.28419166667 4984.951303067417 67035.719 53.08 5073.185312140943 2611
290 9.1 4234.717989010991 3923.533976378194 67035.719 53.08 5074.112395825706 2731
300 9.8 5210.11231632653 4507.56885971528 67035.719 53.08 5047.044751948973 2822
310 10.6 4648.460132075472 4059.6715675988085 67035.719 53.08 5052.517567465754 2920
320 8.8 4573.49709090909 4050.1827450341193 67035.719 53.08 5038.363539656313 3026
330 9.5 4675.596421052634 4496.282751362703 67035.719 53.08 5025.2266586384085 3114
340 10.4 5882.973509615384 5429.964174896798 67035.719 53.08 5014.876121844813 3209
350 10.7 4655.48108411215 4313.38998423265 67035.719 53.08 5042.1269906429225 3313
360 9.5 4177.646442105265 3621.3503666631427 67035.719 53.08 5030.030174269006 3420
370 9.9 5144.46808080808 4278.808673428647 67035.719 53.08 5006.992776102419 3515
380 10.9 5373.989302752293 5903.320298609274 67035.719 53.08 5010.758701715551 3614
390 10.5 5516.42827619048 4614.082362525083 67035.719 53.08 5021.393172710181 3723
400 11.2 5568.385428571428 5653.637089006736 67035.719 53.08 5034.971721786835 3828
410 9.3 5526.660559139784 4576.177169717132 67035.719 53.08 5050.134751015229 3940
420 10.7 4700.508897196263 4475.708877823554 67035.719 53.08 5061.1233203570555 4033
430 11.2 5100.16599107143 5541.95326679196 67035.719 53.08 5051.803092512078 4140
440 10.8 4780.935129629626 4934.833540075848 67035.719 53.08 5053.076997648167 4252
450 10.8 5922.394333333334 6130.071057299466 67035.719 53.08 5046.33586880734 4360
460 9 5456.567577777772 4658.43346193752 67035.719 53.08 5067.511856759177 4468
470 9.8 4220.694418367347 4812.934296647157 67035.719 53.08 5075.193957437473 4558
480 10.9 4655.236431192655 3892.374230823062 67035.719 53.08 5057.20835717354 4656
490 9.4 4703.329946808511 4258.337699216383 67035.719 53.08 5048.013196642182 4765
500 10.5 4801.001485714282 4666.388105923663 67035.719 53.08 5041.3451115455855 4859
510 9.4 5183.505010638295 4643.9999269821365 67035.719 53.08 5036.261291901692 4964
520 8.6 5603.578534883722 6279.381998040602 67035.719 53.08 5038.99773111902 5058
530 11.3 4951.224185840706 6203.0743510945695 67035.719 53.08 5048.436679237947 5144
540 9.4 4293.263723404254 3911.5583303602098 67035.719 53.08 5046.347082176146 5257
550 10.9 4803.199431192661 4910.3103340123225 67035.719 53.08 5033.117809942067 5351
560 9.8 4313.867653061227 4002.7668820374233 67035.719 53.08 5028.527864285715 5460
570 10.2 5424.807617647057 5533.81705715562 67035.719 53.08 5015.926802626845 5558
580 9.4 4916.051202127658 5988.859909279689 67035.719 53.08 5023.295326148411 5660
590 10.1 4726.782792079204 4422.47229175332 67035.719 53.08 5021.543336635385 5754
600 10.8 4813.158296296297 4372.200554758269 67035.719 53.08 5016.458654312553 5855
610 9.9 4275.237141414146 4429.624340084276 67035.719 53.08 5012.776541505954 5963
620 9.9 5775.0458989899 5628.550811938732 67035.719 53.08 5000.731605740681 6062
630 9.4 3849.5711170212767 3366.941224823062 67035.719 53.08 5013.173922739816 6161
640 10.5 5338.256495238096 5908.532489196046 67035.719 53.08 4995.6873258193455 6255
650 9.7 4725.586381443302 4543.9762062701675 67035.719 53.08 5001.342948899372 6360
660 9.8 3735.1975102040833 3538.354938178459 67035.719 53.08 4997.200407929379 6457
670 9.6 4462.008333333335 5312.374845731754 67035.719 53.08 4978.332935163997 6555
680 11.2 4976.929053571431 4477.2087294954645 67035.719 53.08 4970.880347316193 6651
690 10.1 4693.302386138611 4300.471840720373 67035.719 53.08 4970.980518113263 6763
700 9.6 4921.186802083334 4532.506617212474 67035.719 53.08 4966.894636509324 6864
710 10.3 4522.065203883489 4149.475069677516 67035.719 53.08 4966.26418362069 6960
720 11.1 5957.96055855856 5579.358208972832 67035.719 53.08 4959.786412855727 7063
730 12.3 6147.788138211382 5920.325768373706 67035.719 53.08 4975.23070197937 7174
740 9.5 5338.266263157892 4491.610714651602 67035.719 53.08 4994.995614225024 7297
750 10.7 4722.460532710279 4670.884548543919 67035.719 53.08 4999.407236471862 7392
760 11.9 4592.866605042017 5337.238019988416 67035.719 53.08 4995.4556032804385 7499
770 9.2 4864.183793478264 5436.338433084535 67035.719 53.08 4989.166801653979 7618
780 11.1 5075.400675675672 6391.460948164895 67035.719 53.08 4987.675435019457 7710
790 10.4 4587.190019230771 4746.635175655351 67035.719 53.08 4988.920480629077 7821
800 10.4 4866.342884615389 4789.802323415003 67035.719 53.08 4983.64856037855 7925
810 9.4 6147.153255319154 5999.937576197225 67035.719 53.08 4982.129094656871 8029
820 10.4 4420.852105769233 3708.920034071516 67035.719 53.08 4995.610846608399 8123
830 9.9 5257.11218181818 5102.761900182893 67035.719 53.08 4988.345147198253 8227
840 10.6 5081.77496226415 4792.175637131247 67035.719 53.08 4991.540911842424 8326
850 10.5 5117.751666666667 4810.2303303924145 67035.719 53.08 4992.6752583017105 8432
860 9.4 4275.537255319151 3763.7833043431147 67035.719 53.08 4994.213623404008 8537
870 10.4 4303.862644230769 4902.205789051549 67035.719 53.08 4986.386537481174 8631
880 9.9 5431.441484848487 4553.606607111122 67035.719 53.08 4978.2603228391545 8735
890 10.2 4177.364147058824 3525.232725750392 67035.719 53.08 4983.338988793301 8834
900 3.8 8906.24797368421 6527.99137297235 67035.719 53.08 4974.139186436886 8936
910 1.1 17133.142090909092 4324.073207663463 67035.719 53.08 4990.789524515268 8974
916 0.1 22439.019 0.0 67035.719 53.08 5005.654953366724 8985
