0 9 90
10 8.8 178
20 9.2 270
30 9.4 364
40 8.2 446
50 10.1 547
60 10.9 656
70 9.9 755
80 9.6 851
90 11.3 964
100 9.7 1061
110 9.8 1159
120 10.4 1263
130 10.3 1366
140 8.1 1447
150 9.9 1546
160 10.3 1649
170 9.2 1741
180 9.3 1834
190 8.7 1921
200 10 2021
210 9.2 2113
220 8.9 2202
230 9.3 2295
240 7.7 2372
250 10.4 2476
260 9.2 2568
270 10.1 2669
280 10.8 2777
290 10.3 2880
300 8.9 2969
310 9.8 3067
320 10.9 3176
330 9.5 3271
340 8.9 3360
350 11.2 3472
360 9.7 3569
370 10.2 3671
380 11.1 3782
390 11.7 3899
400 9.7 3996
410 9.2 4088
420 11.6 4204
430 10.4 4308
440 10.5 4413
450 10.9 4522
460 8.5 4607
470 10.6 4713
480 10.4 4817
490 10.6 4923
500 9.8 5021
510 8.6 5107
520 9.4 5201
530 11 5311
540 8.9 5400
550 10.8 5508
560 10.1 5609
570 9.9 5708
580 10.5 5813
590 10.3 5916
600 9.3 6009
610 11 6119
620 8.4 6203
630 10.5 6308
640 9.9 6407
650 8.7 6494
660 10.8 6602
670 10 6702
680 11.9 6821
690 9.3 6914
700 10.9 7023
710 10.8 7131
720 10.5 7236
730 12.2 7358
740 8.9 7447
750 10.5 7552
760 11.5 7667
770 9.5 7762
780 11.7 7879
790 10.4 7983
800 9.3 8076
810 10.1 8177
820 11.3 8290
830 8.8 8378
840 10.9 8487
850 9.4 8581
860 10.3 8684
870 10.3 8787
880 9.7 8884
890 9.3 8977
900 0.9 8986
910 0 8986
916 0 8986
