0 40 42
10 46 47
20 56 60
30 47 60
40 38 60
50 59 61
60 63 65
70 47 65
80 54 65
90 66 71
100 48 71
110 46 71
120 50 71
130 53 71
140 54 71
150 58 71
160 56 71
170 44 71
180 55 71
190 50 71
200 52 71
210 54 71
220 41 71
230 44 71
240 41 71
250 49 71
260 52 71
270 55 71
280 43 71
290 56 71
300 46 71
310 38 71
320 59 71
330 57 71
340 43 71
350 50 71
360 53 71
370 54 71
380 56 71
390 69 71
400 54 71
410 55 71
420 64 71
430 56 71
440 52 71
450 54 71
460 49 71
470 58 71
480 52 71
490 60 71
500 54 71
510 46 71
520 55 71
530 52 71
540 46 71
550 46 71
560 50 71
570 48 71
580 58 71
590 61 71
600 44 71
610 56 71
620 40 71
630 52 71
640 46 71
650 37 71
660 46 71
670 51 71
680 58 71
690 50 71
700 63 71
710 68 73
720 64 73
730 61 73
740 50 73
750 49 73
760 45 73
770 48 73
780 55 73
790 53 73
800 45 73
810 51 73
820 57 73
830 49 73
840 55 73
850 42 73
860 51 73
870 50 73
880 46 73
890 40 73
900 12 73
910 1 73
916 0 73
